8.000000000000000444e-01 8.000000000000000444e-01 5.510872592160658782e-32
8.000000000000000444e-01 8.148147999999999502e-01 9.846714860117385882e-31
8.000000000000000444e-01 8.296295999999999671e-01 1.709956098557712431e-29
8.000000000000000444e-01 8.444445000000000423e-01 2.873074192838093533e-28
8.000000000000000444e-01 8.592592000000000008e-01 4.587327042852324424e-27
8.000000000000000444e-01 8.740740999999999650e-01 6.768045992380049459e-26
8.000000000000000444e-01 8.888888999999999818e-01 8.954241448151555888e-25
8.000000000000000444e-01 9.037036999999999987e-01 1.031441294192540055e-23
8.000000000000000444e-01 9.185185000000000155e-01 1.011436953393439042e-22
8.000000000000000444e-01 9.333333000000000323e-01 8.330071552424937541e-22
8.000000000000000444e-01 9.481481000000000492e-01 5.750500835690880568e-21
8.000000000000000444e-01 9.629630000000000134e-01 3.324109636928291134e-20
8.000000000000000444e-01 9.777778000000000302e-01 1.617880188705544679e-19
8.000000000000000444e-01 9.925926000000000471e-01 6.646675247663250890e-19
8.000000000000000444e-01 1.007406999999999941e+00 2.303734896413047678e-18
8.000000000000000444e-01 1.022221999999999964e+00 6.746552771354712320e-18
8.000000000000000444e-01 1.037036999999999987e+00 1.673549099921054264e-17
8.000000000000000444e-01 1.051852000000000009e+00 3.525233167548024486e-17
8.000000000000000444e-01 1.066667000000000032e+00 6.375398385266750864e-17
8.000000000000000444e-01 1.081480999999999915e+00 1.001362415150005993e-16
8.000000000000000444e-01 1.096295999999999937e+00 1.392166946991560368e-16
8.000000000000000444e-01 1.111110999999999960e+00 1.746932666245588870e-16
8.000000000000000444e-01 1.125925999999999982e+00 2.021543822160264834e-16
8.000000000000000444e-01 1.140741000000000005e+00 2.199789090699627979e-16
8.000000000000000444e-01 1.155556000000000028e+00 2.289564186550966123e-16
8.000000000000000444e-01 1.170369999999999910e+00 2.311418690855075756e-16
8.000000000000000444e-01 1.185184999999999933e+00 2.287275766764543732e-16
8.000000000000000444e-01 1.199999999999999956e+00 2.233034645369056319e-16
8.148147999999999502e-01 8.000000000000000444e-01 2.290197097903308593e-31
8.148147999999999502e-01 8.148147999999999502e-01 4.424037717420001166e-30
8.148147999999999502e-01 8.296295999999999671e-01 8.322541665538166641e-29
8.148147999999999502e-01 8.444445000000000423e-01 1.517095286480211285e-27
8.148147999999999502e-01 8.592592000000000008e-01 2.630601212162372572e-26
8.148147999999999502e-01 8.740740999999999650e-01 4.219123161617660268e-25
8.148147999999999502e-01 8.888888999999999818e-01 6.049902957657903337e-24
8.148147999999999502e-01 9.037036999999999987e-01 7.519180371447936806e-23
8.148147999999999502e-01 9.185185000000000155e-01 7.919848254594554446e-22
8.148147999999999502e-01 9.333333000000000323e-01 6.960748090762070006e-21
8.148147999999999502e-01 9.481481000000000492e-01 5.081984626884600035e-20
8.148147999999999502e-01 9.629630000000000134e-01 3.080576537250419871e-19
8.148147999999999502e-01 9.777778000000000302e-01 1.554309932608534823e-18
8.148147999999999502e-01 9.925926000000000471e-01 6.530814541647251854e-18
8.148147999999999502e-01 1.007406999999999941e+00 2.289759020712553106e-17
8.148147999999999502e-01 1.022221999999999964e+00 6.685537297348645458e-17
8.148147999999999502e-01 1.037036999999999987e+00 1.631274298980830606e-16
8.148147999999999502e-01 1.051852000000000009e+00 3.341305129187051073e-16
8.148147999999999502e-01 1.066667000000000032e+00 5.802921443560271231e-16
8.148147999999999502e-01 1.081480999999999915e+00 8.682951347775868966e-16
8.148147999999999502e-01 1.096295999999999937e+00 1.140282906152244684e-15
8.148147999999999502e-01 1.111110999999999960e+00 1.344169560070760418e-15
8.148147999999999502e-01 1.125925999999999982e+00 1.455393622422324720e-15
8.148147999999999502e-01 1.140741000000000005e+00 1.479606826793366776e-15
8.148147999999999502e-01 1.155556000000000028e+00 1.438752465813221432e-15
8.148147999999999502e-01 1.170369999999999910e+00 1.359716734925250431e-15
8.148147999999999502e-01 1.185184999999999933e+00 1.262730443366715392e-15
8.148147999999999502e-01 1.199999999999999956e+00 1.161574479721772744e-15
8.296295999999999671e-01 8.000000000000000444e-01 1.474844838204841857e-30
8.296295999999999671e-01 8.148147999999999502e-01 3.101753810460192952e-29
8.296295999999999671e-01 8.296295999999999671e-01 6.355894206272446172e-28
8.296295999999999671e-01 8.444445000000000423e-01 1.262649660163075922e-26
8.296295999999999671e-01 8.592592000000000008e-01 2.383636648037679748e-25
8.296295999999999671e-01 8.740740999999999650e-01 4.149725684166938303e-24
8.296295999999999671e-01 8.888888999999999818e-01 6.433103870849978767e-23
8.296295999999999671e-01 9.037036999999999987e-01 8.592348052663387990e-22
8.296295999999999671e-01 9.185185000000000155e-01 9.648350353128610311e-21
8.296295999999999671e-01 9.333333000000000323e-01 8.959387451666835062e-20
8.296295999999999671e-01 9.481481000000000492e-01 6.838830701082926101e-19
8.296295999999999671e-01 9.629630000000000134e-01 4.282477399921724731e-18
8.296295999999999671e-01 9.777778000000000302e-01 2.203278725942364535e-17
8.296295999999999671e-01 9.925926000000000471e-01 9.313328823238267636e-17
8.296295999999999671e-01 1.007406999999999941e+00 3.237694452934581645e-16
8.296295999999999671e-01 1.022221999999999964e+00 9.252201173377094732e-16
8.296295999999999671e-01 1.037036999999999987e+00 2.179894312040862069e-15
8.296295999999999671e-01 1.051852000000000009e+00 4.257901336637431266e-15
8.296295999999999671e-01 1.066667000000000032e+00 6.978098056567604557e-15
8.296295999999999671e-01 1.081480999999999915e+00 9.759843787427286899e-15
8.296295999999999671e-01 1.096295999999999937e+00 1.190283247508410257e-14
8.296295999999999671e-01 1.111110999999999960e+00 1.297826966892799110e-14
8.296295999999999671e-01 1.125925999999999982e+00 1.295881685767647567e-14
8.296295999999999671e-01 1.140741000000000005e+00 1.215543500049991721e-14
8.296295999999999671e-01 1.155556000000000028e+00 1.092743276499656337e-14
8.296295999999999671e-01 1.170369999999999910e+00 9.566585932121929985e-15
8.296295999999999671e-01 1.185184999999999933e+00 8.267038926423226285e-15
8.296295999999999671e-01 1.199999999999999956e+00 7.115506345385034524e-15
8.444445000000000423e-01 8.000000000000000444e-01 1.473982169218972626e-29
8.444445000000000423e-01 8.148147999999999502e-01 3.391874111320533420e-28
8.444445000000000423e-01 8.296295999999999671e-01 7.593537152437155677e-27
8.444445000000000423e-01 8.444445000000000423e-01 1.646459664565154236e-25
8.444445000000000423e-01 8.592592000000000008e-01 3.378873033503736160e-24
8.444445000000000423e-01 8.740740999999999650e-01 6.359546939350686816e-23
8.444445000000000423e-01 8.888888999999999818e-01 1.058959638314402580e-21
8.444445000000000423e-01 9.037036999999999987e-01 1.505615613201146284e-20
8.444445000000000423e-01 9.185185000000000155e-01 1.781786952963524078e-19
8.444445000000000423e-01 9.333333000000000323e-01 1.724663008302702976e-18
8.444445000000000423e-01 9.481481000000000492e-01 1.354519231809076832e-17
8.444445000000000423e-01 9.629630000000000134e-01 8.610191681906943773e-17
8.444445000000000423e-01 9.777778000000000302e-01 4.432046706699873378e-16
8.444445000000000423e-01 9.925926000000000471e-01 1.849243053166483623e-15
8.444445000000000423e-01 1.007406999999999941e+00 6.244970344643807336e-15
8.444445000000000423e-01 1.022221999999999964e+00 1.710338496196435255e-14
8.444445000000000423e-01 1.037036999999999987e+00 3.810236657033016486e-14
8.444445000000000423e-01 1.051852000000000009e+00 6.956603149078677221e-14
8.444445000000000423e-01 1.066667000000000032e+00 1.054541640903063125e-13
8.444445000000000423e-01 1.081480999999999915e+00 1.354735468295702503e-13
8.444445000000000423e-01 1.096295999999999937e+00 1.509994802733795882e-13
8.444445000000000423e-01 1.111110999999999960e+00 1.498712204344819220e-13
8.444445000000000423e-01 1.125925999999999982e+00 1.362888315188052998e-13
8.444445000000000423e-01 1.140741000000000005e+00 1.164866174706247360e-13
8.444445000000000423e-01 1.155556000000000028e+00 9.565771917314051049e-14
8.444445000000000423e-01 1.170369999999999910e+00 7.695927569847982920e-14
8.444445000000000423e-01 1.185184999999999933e+00 6.142251089464093742e-14
8.444445000000000423e-01 1.199999999999999956e+00 4.907140071378107468e-14
8.592592000000000008e-01 8.000000000000000444e-01 2.264564810508464494e-28
8.592592000000000008e-01 8.148147999999999502e-01 5.707593668934206470e-27
8.592592000000000008e-01 8.296295999999999671e-01 1.396720969543434258e-25
8.592592000000000008e-01 8.444445000000000423e-01 3.292154559875976245e-24
8.592592000000000008e-01 8.592592000000000008e-01 7.300604397194988952e-23
8.592592000000000008e-01 8.740740999999999650e-01 1.475190232813561469e-21
8.592592000000000008e-01 8.888888999999999818e-01 2.609612805329630367e-20
8.592592000000000008e-01 9.037036999999999987e-01 3.900546871968843575e-19
8.592592000000000008e-01 9.185185000000000155e-01 4.792401649109252680e-18
8.592592000000000008e-01 9.333333000000000323e-01 4.753810851424298941e-17
8.592592000000000008e-01 9.481481000000000492e-01 3.767311013324007705e-16
8.592592000000000008e-01 9.629630000000000134e-01 2.383992003380113520e-15
8.592592000000000008e-01 9.777778000000000302e-01 1.202847066226026741e-14
8.592592000000000008e-01 9.925926000000000471e-01 4.841338838092271273e-14
8.592592000000000008e-01 1.007406999999999941e+00 1.555203194692581904e-13
8.592592000000000008e-01 1.022221999999999964e+00 3.991256960249793541e-13
8.592592000000000008e-01 1.037036999999999987e+00 8.228520331572919265e-13
8.592592000000000008e-01 1.051852000000000009e+00 1.375780375479570112e-12
8.592592000000000008e-01 1.066667000000000032e+00 1.893678276813071940e-12
8.592592000000000008e-01 1.081480999999999915e+00 2.194646785757795978e-12
8.592592000000000008e-01 1.096295999999999937e+00 2.197941226149689895e-12
8.592592000000000008e-01 1.111110999999999960e+00 1.960150225422293486e-12
8.592592000000000008e-01 1.125925999999999982e+00 1.601628807197026512e-12
8.592592000000000008e-01 1.140741000000000005e+00 1.234321116783296885e-12
8.592592000000000008e-01 1.155556000000000028e+00 9.180725288038251741e-13
8.592592000000000008e-01 1.170369999999999910e+00 6.723482227396287522e-13
8.592592000000000008e-01 1.185184999999999933e+00 4.916545790941466439e-13
8.592592000000000008e-01 1.199999999999999956e+00 3.625913327272339406e-13
8.740740999999999650e-01 8.000000000000000444e-01 5.205925576947701755e-27
8.740740999999999650e-01 8.148147999999999502e-01 1.435663806028681925e-25
8.740740999999999650e-01 8.296295999999999671e-01 3.823025909103740902e-24
8.740740999999999650e-01 8.444445000000000423e-01 9.727502071823295094e-23
8.740740999999999650e-01 8.592592000000000008e-01 2.311246415614673013e-21
8.740740999999999650e-01 8.740740999999999650e-01 4.946606865836270740e-20
8.740740999999999650e-01 8.888888999999999818e-01 9.167061308254720042e-19
8.740740999999999650e-01 9.037036999999999987e-01 1.416864853254550942e-17
8.740740999999999650e-01 9.185185000000000155e-01 1.773334172508836329e-16
8.740740999999999650e-01 9.333333000000000323e-01 1.766104714063178354e-15
8.740740999999999650e-01 9.481481000000000492e-01 1.384987759808261103e-14
8.740740999999999650e-01 9.629630000000000134e-01 8.526605227430343655e-14
8.740740999999999650e-01 9.777778000000000302e-01 4.118982673333692935e-13
8.740740999999999650e-01 9.925926000000000471e-01 1.562865688567310295e-12
8.740740999999999650e-01 1.007406999999999941e+00 4.667021696749657408e-12
8.740740999999999650e-01 1.022221999999999964e+00 1.097940358092438659e-11
8.740740999999999650e-01 1.037036999999999987e+00 2.051222635507884983e-11
8.740740999999999650e-01 1.051852000000000009e+00 3.075403225589219174e-11
8.740740999999999650e-01 1.066667000000000032e+00 3.775134544279097726e-11
8.740740999999999650e-01 1.081480999999999915e+00 3.878451681892733088e-11
8.740740999999999650e-01 1.096295999999999937e+00 3.439878059491071888e-11
8.740740999999999650e-01 1.111110999999999960e+00 2.715391177002603855e-11
8.740740999999999650e-01 1.125925999999999982e+00 1.972764824315467376e-11
8.740740999999999650e-01 1.140741000000000005e+00 1.355860113327976516e-11
8.740740999999999650e-01 1.155556000000000028e+00 9.056847631167834239e-12
8.740740999999999650e-01 1.170369999999999910e+00 5.998570050626042826e-12
8.740740999999999650e-01 1.185184999999999933e+00 3.994910260165240856e-12
8.740740999999999650e-01 1.199999999999999956e+00 2.706134183528880257e-12
8.888888999999999818e-01 8.000000000000000444e-01 1.718801636182017537e-25
8.888888999999999818e-01 8.148147999999999502e-01 5.155387229212555218e-24
8.888888999999999818e-01 8.296295999999999671e-01 1.479008670131689245e-22
8.888888999999999818e-01 8.444445000000000423e-01 4.024042333016492253e-21
8.888888999999999818e-01 8.592592000000000008e-01 1.009663156576897586e-19
8.888888999999999818e-01 8.740740999999999650e-01 2.254733251394160245e-18
8.888888999999999818e-01 8.888888999999999818e-01 4.297126660695168200e-17
8.888888999999999818e-01 9.037036999999999987e-01 6.728562250384190458e-16
8.888888999999999818e-01 9.185185000000000155e-01 8.408779973490596841e-15
8.888888999999999818e-01 9.333333000000000323e-01 8.216885973214958311e-14
8.888888999999999818e-01 9.481481000000000492e-01 6.225203975254079998e-13
8.888888999999999818e-01 9.629630000000000134e-01 3.640136263329488216e-12
8.888888999999999818e-01 9.777778000000000302e-01 1.643677357701797465e-11
8.888888999999999818e-01 9.925926000000000471e-01 5.742737556940170329e-11
8.888888999999999818e-01 1.007406999999999941e+00 1.557140194058758886e-10
8.888888999999999818e-01 1.022221999999999964e+00 3.284948353647625074e-10
8.888888999999999818e-01 1.037036999999999987e+00 5.440390981802735186e-10
8.888888999999999818e-01 1.051852000000000009e+00 7.183961198893127956e-10
8.888888999999999818e-01 1.066667000000000032e+00 7.716423117665192514e-10
8.888888999999999818e-01 1.081480999999999915e+00 6.926474336148839249e-10
8.888888999999999818e-01 1.096295999999999937e+00 5.362074479378443846e-10
8.888888999999999818e-01 1.111110999999999960e+00 3.705621273849980372e-10
8.888888999999999818e-01 1.125925999999999982e+00 2.366355315610697934e-10
8.888888999999999818e-01 1.140741000000000005e+00 1.439579317008776431e-10
8.888888999999999818e-01 1.155556000000000028e+00 8.571442369446170099e-11
8.888888999999999818e-01 1.170369999999999910e+00 5.103548198057077635e-11
8.888888999999999818e-01 1.185184999999999933e+00 3.083101352300908726e-11
8.888888999999999818e-01 1.199999999999999956e+00 1.908726036527152378e-11
9.037036999999999987e-01 8.000000000000000444e-01 7.667895767079566663e-24
9.037036999999999987e-01 8.148147999999999502e-01 2.476563827218287516e-22
9.037036999999999987e-01 8.296295999999999671e-01 7.570710746036182428e-21
9.037036999999999987e-01 8.444445000000000423e-01 2.165425259521971219e-19
9.037036999999999987e-01 8.592592000000000008e-01 5.643653694231140988e-18
9.037036999999999987e-01 8.740740999999999650e-01 1.289637908523217448e-16
9.037036999999999987e-01 8.888888999999999818e-01 2.476326952844657969e-15
9.037036999999999987e-01 9.037036999999999987e-01 3.842761704240441645e-14
9.037036999999999987e-01 9.185185000000000155e-01 4.676763023252061833e-13
9.037036999999999987e-01 9.333333000000000323e-01 4.377689684472211109e-12
9.037036999999999987e-01 9.481481000000000492e-01 3.123443324555205283e-11
9.037036999999999987e-01 9.629630000000000134e-01 1.692744083099102854e-10
9.037036999999999987e-01 9.777778000000000302e-01 6.978618188697232971e-10
9.037036999999999987e-01 9.925926000000000471e-01 2.192989840974184673e-09
9.037036999999999987e-01 1.007406999999999941e+00 5.268606134417619680e-09
9.037036999999999987e-01 1.022221999999999964e+00 9.754862093286538669e-09
9.037036999999999987e-01 1.037036999999999987e+00 1.405904325748261304e-08
9.037036999999999987e-01 1.051852000000000009e+00 1.604289122204503352e-08
9.037036999999999987e-01 1.066667000000000032e+00 1.484652508634470362e-08
9.037036999999999987e-01 1.081480999999999915e+00 1.147035449506798521e-08
9.037036999999999987e-01 1.096295999999999937e+00 7.661944762297757836e-09
9.037036999999999987e-01 1.111110999999999960e+00 4.589475911015443544e-09
9.037036999999999987e-01 1.125925999999999982e+00 2.555545840255512377e-09
9.037036999999999987e-01 1.140741000000000005e+00 1.366517915698184142e-09
9.037036999999999987e-01 1.155556000000000028e+00 7.219970954256495378e-10
9.037036999999999987e-01 1.170369999999999910e+00 3.847220463154084611e-10
9.037036999999999987e-01 1.185184999999999933e+00 2.100868708574341080e-10
9.037036999999999987e-01 1.199999999999999956e+00 1.184535755055777706e-10
9.185185000000000155e-01 8.000000000000000444e-01 4.288221361280386091e-22
9.185185000000000155e-01 8.148147999999999502e-01 1.470646146829599158e-20
9.185185000000000155e-01 8.296295999999999671e-01 4.709664937143585420e-19
9.185185000000000155e-01 8.444445000000000423e-01 1.391589446984641631e-17
9.185185000000000155e-01 8.592592000000000008e-01 3.687178339534987988e-16
9.185185000000000155e-01 8.740740999999999650e-01 8.429828222769925207e-15
9.185185000000000155e-01 8.888888999999999818e-01 1.592183283978483032e-13
9.185185000000000155e-01 9.037036999999999987e-01 2.389349411029383313e-12
9.185185000000000155e-01 9.185185000000000155e-01 2.763328752989190037e-11
9.185185000000000155e-01 9.333333000000000323e-01 2.416574230310678062e-10
9.185185000000000155e-01 9.481481000000000492e-01 1.583703096818858761e-09
9.185185000000000155e-01 9.629630000000000134e-01 7.758320163195925656e-09
9.185185000000000155e-01 9.777778000000000302e-01 2.846757832114317994e-08
9.185185000000000155e-01 9.925926000000000471e-01 7.859167964876885204e-08
9.185185000000000155e-01 1.007406999999999941e+00 1.639835039257842125e-07
9.185185000000000155e-01 1.022221999999999964e+00 2.611946296640434249e-07
9.185185000000000155e-01 1.037036999999999987e+00 3.214255149156056837e-07
9.185185000000000155e-01 1.051852000000000009e+00 3.116141852740793838e-07
9.185185000000000155e-01 1.066667000000000032e+00 2.448793981614653311e-07
9.185185000000000155e-01 1.081480999999999915e+00 1.610582075054749797e-07
9.185185000000000155e-01 1.096295999999999937e+00 9.190595601000548579e-08
9.185185000000000155e-01 1.111110999999999960e+00 4.735942440761778789e-08
9.185185000000000155e-01 1.125925999999999982e+00 2.285719247474749040e-08
9.185185000000000155e-01 1.140741000000000005e+00 1.069488764332518903e-08
9.185185000000000155e-01 1.155556000000000028e+00 4.996640751523876436e-09
9.185185000000000155e-01 1.170369999999999910e+00 2.379203664500880773e-09
9.185185000000000155e-01 1.185184999999999933e+00 1.172063460586378503e-09
9.185185000000000155e-01 1.199999999999999956e+00 6.030626665343310787e-10
9.333333000000000323e-01 8.000000000000000444e-01 2.754406133612387922e-20
9.333333000000000323e-01 8.148147999999999502e-01 9.851431424268735887e-19
9.333333000000000323e-01 8.296295999999999671e-01 3.239589359571132384e-17
9.333333000000000323e-01 8.444445000000000423e-01 9.668386970055952191e-16
9.333333000000000323e-01 8.592592000000000008e-01 2.546427259183005499e-14
9.333333000000000323e-01 8.740740999999999650e-01 5.683721483365504507e-13
9.333333000000000323e-01 8.888888999999999818e-01 1.030388610605247105e-11
9.333333000000000323e-01 9.037036999999999987e-01 1.457686995686405652e-10
9.333333000000000323e-01 9.185185000000000155e-01 1.560124829462092094e-09
9.333333000000000323e-01 9.333333000000000323e-01 1.241947539576123164e-08
9.333333000000000323e-01 9.481481000000000492e-01 7.287647152693057873e-08
9.333333000000000323e-01 9.629630000000000134e-01 3.152184331079279519e-07
9.333333000000000323e-01 9.777778000000000302e-01 1.006028657612319338e-06
9.333333000000000323e-01 9.925926000000000471e-01 2.386936054577281002e-06
9.333333000000000323e-01 1.007406999999999941e+00 4.239776510064399244e-06
9.333333000000000323e-01 1.022221999999999964e+00 5.694555585606821819e-06
9.333333000000000323e-01 1.037036999999999987e+00 5.894446037360694450e-06
9.333333000000000323e-01 1.051852000000000009e+00 4.801894646068136163e-06
9.333333000000000323e-01 1.066667000000000032e+00 3.170884458500502610e-06
9.333333000000000323e-01 1.081480999999999915e+00 1.758586845723493208e-06
9.333333000000000323e-01 1.096295999999999937e+00 8.517268160260661767e-07
9.333333000000000323e-01 1.111110999999999960e+00 3.755027658463631745e-07
9.333333000000000323e-01 1.125925999999999982e+00 1.566111273561463940e-07
9.333333000000000323e-01 1.140741000000000005e+00 6.405652117300200473e-08
9.333333000000000323e-01 1.155556000000000028e+00 2.639740835458726743e-08
9.333333000000000323e-01 1.170369999999999910e+00 1.123198865189792765e-08
9.333333000000000323e-01 1.185184999999999933e+00 4.999139696584351710e-09
9.333333000000000323e-01 1.199999999999999956e+00 2.349648721915189608e-09
9.481481000000000492e-01 8.000000000000000444e-01 1.846019452904243364e-18
9.481481000000000492e-01 8.148147999999999502e-01 6.735867328772847458e-17
9.481481000000000492e-01 8.296295999999999671e-01 2.223931098261761195e-15
9.481481000000000492e-01 8.444445000000000423e-01 6.548207197764245282e-14
9.481481000000000492e-01 8.592592000000000008e-01 1.670329840033050309e-12
9.481481000000000492e-01 8.740740999999999650e-01 3.548184353502161645e-11
9.481481000000000492e-01 8.888888999999999818e-01 6.012561896051590196e-10
9.481481000000000492e-01 9.037036999999999987e-01 7.808913494455960448e-09
9.481481000000000492e-01 9.185185000000000155e-01 7.547231022112153951e-08
9.481481000000000492e-01 9.333333000000000323e-01 5.333969197300363021e-07
9.481481000000000492e-01 9.481481000000000492e-01 2.737405456106670386e-06
9.481481000000000492e-01 9.629630000000000134e-01 1.020125302122882066e-05
9.481481000000000492e-01 9.777778000000000302e-01 2.775762446540317002e-05
9.481481000000000492e-01 9.925926000000000471e-01 5.545159943216689593e-05
9.481481000000000492e-01 1.007406999999999941e+00 8.243503742144129090e-05
9.481481000000000492e-01 1.022221999999999964e+00 9.225076337591860901e-05
9.481481000000000492e-01 1.037036999999999987e+00 7.928195569859747846e-05
9.481481000000000492e-01 1.051852000000000009e+00 5.362474156653766207e-05
9.481481000000000492e-01 1.066667000000000032e+00 2.948880081758444547e-05
9.481481000000000492e-01 1.081480999999999915e+00 1.370842432333702101e-05
9.481481000000000492e-01 1.096295999999999937e+00 5.612580286801104400e-06
9.481481000000000492e-01 1.111110999999999960e+00 2.114906403731904128e-06
9.481481000000000492e-01 1.125925999999999982e+00 7.622433311637688850e-07
9.481481000000000492e-01 1.140741000000000005e+00 2.723984371560823099e-07
9.481481000000000492e-01 1.155556000000000028e+00 9.931194312156243754e-08
9.481481000000000492e-01 1.170369999999999910e+00 3.783618186277841318e-08
9.481481000000000492e-01 1.185184999999999933e+00 1.523759663865133528e-08
9.481481000000000492e-01 1.199999999999999956e+00 6.548695286771795566e-09
9.629630000000000134e-01 8.000000000000000444e-01 1.165746305975312898e-16
9.629630000000000134e-01 8.148147999999999502e-01 4.245146774038606295e-15
9.629630000000000134e-01 8.296295999999999671e-01 1.371090226205700355e-13
9.629630000000000134e-01 8.444445000000000423e-01 3.882662446764712587e-12
9.629630000000000134e-01 8.592592000000000008e-01 9.350558021229544205e-11
9.629630000000000134e-01 8.740740999999999650e-01 1.841841408993867336e-09
9.629630000000000134e-01 8.888888999999999818e-01 2.841070006170815917e-08
9.629630000000000134e-01 9.037036999999999987e-01 3.303873774081811507e-07
9.629630000000000134e-01 9.185185000000000155e-01 2.812322228713220279e-06
9.629630000000000134e-01 9.333333000000000323e-01 1.724479843429960877e-05
9.629630000000000134e-01 9.481481000000000492e-01 7.571759453668490533e-05
9.629630000000000134e-01 9.629630000000000134e-01 2.384144529072946465e-04
9.629630000000000134e-01 9.777778000000000302e-01 5.418615673181648119e-04
9.629630000000000134e-01 9.925926000000000471e-01 8.992045668907888874e-04
9.629630000000000134e-01 1.007406999999999941e+00 1.102141691321815173e-03
9.629630000000000134e-01 1.022221999999999964e+00 1.014864675507528039e-03
9.629630000000000134e-01 1.037036999999999987e+00 7.169531938783702723e-04
9.629630000000000134e-01 1.051852000000000009e+00 4.000184047660774035e-04
9.629630000000000134e-01 1.066667000000000032e+00 1.825475264391308936e-04
9.629630000000000134e-01 1.081480999999999915e+00 7.095249424555845536e-05
9.629630000000000134e-01 1.096295999999999937e+00 2.455733427175839755e-05
9.629630000000000134e-01 1.111110999999999960e+00 7.905119266031861283e-06
9.629630000000000134e-01 1.125925999999999982e+00 2.467019046341498808e-06
9.629630000000000134e-01 1.140741000000000005e+00 7.737631638800974083e-07
9.629630000000000134e-01 1.155556000000000028e+00 2.510785496397811107e-07
9.629630000000000134e-01 1.170369999999999910e+00 8.595000903482538070e-08
9.629630000000000134e-01 1.185184999999999933e+00 3.157184798435972615e-08
9.629630000000000134e-01 1.199999999999999956e+00 1.246925278575324848e-08
9.777778000000000302e-01 8.000000000000000444e-01 6.285694863187717202e-15
9.777778000000000302e-01 8.148147999999999502e-01 2.225777313349733953e-13
9.777778000000000302e-01 8.296295999999999671e-01 6.862152142467201624e-12
9.777778000000000302e-01 8.444445000000000423e-01 1.819116475035063084e-10
9.777778000000000302e-01 8.592592000000000008e-01 4.029997827782202211e-09
9.777778000000000302e-01 8.740740999999999650e-01 7.171972661891061127e-08
9.777778000000000302e-01 8.888888999999999818e-01 9.826626105274044599e-07
9.777778000000000302e-01 9.037036999999999987e-01 9.989260420761446419e-06
9.777778000000000302e-01 9.185185000000000155e-01 7.325969235361097737e-05
9.777778000000000302e-01 9.333333000000000323e-01 3.814617402305154324e-04
9.777778000000000302e-01 9.481481000000000492e-01 1.406009118774251450e-03
9.777778000000000302e-01 9.629630000000000134e-01 3.675742962808137108e-03
9.777778000000000302e-01 9.777778000000000302e-01 6.887824439905909299e-03
9.777778000000000302e-01 9.925926000000000471e-01 9.372269527005374148e-03
9.777778000000000302e-01 1.007406999999999941e+00 9.372269527005374148e-03
9.777778000000000302e-01 1.022221999999999964e+00 7.033998205837930541e-03
9.777778000000000302e-01 1.037036999999999987e+00 4.068422283553686097e-03
9.777778000000000302e-01 1.051852000000000009e+00 1.865921959087966800e-03
9.777778000000000302e-01 1.066667000000000032e+00 7.059261001202975271e-04
9.777778000000000302e-01 1.081480999999999915e+00 2.299841878230975416e-04
9.777778000000000302e-01 1.096295999999999937e+00 6.745836265304622789e-05
9.777778000000000302e-01 1.111110999999999960e+00 1.864374233151072554e-05
9.777778000000000302e-01 1.125925999999999982e+00 5.070860656673178187e-06
9.777778000000000302e-01 1.140741000000000005e+00 1.404260118407870088e-06
9.777778000000000302e-01 1.155556000000000028e+00 4.079994543177926586e-07
9.777778000000000302e-01 1.170369999999999910e+00 1.267562355530577543e-07
9.777778000000000302e-01 1.185184999999999933e+00 4.263885116972865818e-08
9.777778000000000302e-01 1.199999999999999956e+00 1.560772270489857929e-08
9.925926000000000471e-01 8.000000000000000444e-01 2.631637323438357879e-13
9.925926000000000471e-01 8.148147999999999502e-01 8.828817753747576754e-12
9.925926000000000471e-01 8.296295999999999671e-01 2.530333038736966534e-10
9.925926000000000471e-01 8.444445000000000423e-01 6.124308407205704966e-09
9.925926000000000471e-01 8.592592000000000008e-01 1.218469607181261062e-07
9.925926000000000471e-01 8.740740999999999650e-01 1.913646449739796905e-06
9.925926000000000471e-01 8.888888999999999818e-01 2.278290691222093636e-05
9.925926000000000471e-01 9.037036999999999987e-01 1.980482242711238737e-04
9.925926000000000471e-01 9.185185000000000155e-01 1.225998089241739928e-03
9.925926000000000471e-01 9.333333000000000323e-01 5.332153972602457839e-03
9.925926000000000471e-01 9.481481000000000492e-01 1.621205788044149249e-02
9.925926000000000471e-01 9.629630000000000134e-01 3.480479897947669210e-02
9.925926000000000471e-01 9.777778000000000302e-01 5.313071930637752044e-02
9.925926000000000471e-01 9.925926000000000471e-01 5.863051407042619428e-02
9.925926000000000471e-01 1.007406999999999941e+00 4.759631198752684728e-02
9.925926000000000471e-01 1.022221999999999964e+00 2.907141180173230047e-02
9.925926000000000471e-01 1.037036999999999987e+00 1.372549811106855804e-02
9.925926000000000471e-01 1.051852000000000009e+00 5.190112010775746812e-03
9.925926000000000471e-01 1.066667000000000032e+00 1.632732969170642198e-03
9.925926000000000471e-01 1.081480999999999915e+00 4.476494990278986983e-04
9.925926000000000471e-01 1.096295999999999937e+00 1.121133662428877039e-04
9.925926000000000471e-01 1.111110999999999960e+00 2.684314706339718969e-05
9.925926000000000471e-01 1.125925999999999982e+00 6.410969823235189305e-06
9.925926000000000471e-01 1.140741000000000005e+00 1.583298862303181942e-06
9.925926000000000471e-01 1.155556000000000028e+00 4.158255564863294308e-07
9.925926000000000471e-01 1.170369999999999910e+00 1.182458388053961098e-07
9.925926000000000471e-01 1.185184999999999933e+00 3.680986341877994751e-08
9.925926000000000471e-01 1.199999999999999956e+00 1.260086971968243971e-08
1.007406999999999941e+00 8.000000000000000444e-01 7.850059535680961888e-12
1.007406999999999941e+00 8.148147999999999502e-01 2.433549594382343092e-10
1.007406999999999941e+00 8.296295999999999671e-01 6.329782256749773458e-09
1.007406999999999941e+00 8.444445000000000423e-01 1.365602401355823110e-07
1.007406999999999941e+00 8.592592000000000008e-01 2.380976167402699152e-06
1.007406999999999941e+00 8.740740999999999650e-01 3.231432266043895150e-05
1.007406999999999941e+00 8.888888999999999818e-01 3.275073697789451961e-04
1.007406999999999941e+00 9.037036999999999987e-01 2.394693574850471733e-03
1.007406999999999941e+00 9.185185000000000155e-01 1.232654761249261412e-02
1.007406999999999941e+00 9.333333000000000323e-01 4.404691337485652780e-02
1.007406999999999941e+00 9.481481000000000492e-01 1.097006485155074124e-01
1.007406999999999941e+00 9.629630000000000134e-01 1.909965335601674641e-01
1.007406999999999941e+00 9.777778000000000302e-01 2.360999610176164887e-01
1.007406999999999941e+00 9.925926000000000471e-01 2.106620686015836796e-01
1.007406999999999941e+00 1.007406999999999941e+00 1.386226202882947234e-01
1.007406999999999941e+00 1.022221999999999964e+00 6.890682839465003817e-02
1.007406999999999941e+00 1.037036999999999987e+00 2.667575976268857230e-02
1.007406999999999941e+00 1.051852000000000009e+00 8.345773799864330059e-03
1.007406999999999941e+00 1.066667000000000032e+00 2.201756121488062257e-03
1.007406999999999941e+00 1.081480999999999915e+00 5.126075578476891508e-04
1.007406999999999941e+00 1.096295999999999937e+00 1.107206716400354550e-04
1.007406999999999941e+00 1.111110999999999960e+00 2.320831356876904946e-05
1.007406999999999941e+00 1.125925999999999982e+00 4.928381105514325680e-06
1.007406999999999941e+00 1.140741000000000005e+00 1.098571344533336599e-06
1.007406999999999941e+00 1.155556000000000028e+00 2.636878024659827036e-07
1.007406999999999941e+00 1.170369999999999910e+00 6.946102729532495337e-08
1.007406999999999941e+00 1.185184999999999933e+00 2.027251113183338441e-08
1.007406999999999941e+00 1.199999999999999956e+00 6.558525700671178040e-09
1.022221999999999964e+00 8.000000000000000444e-01 1.549373924940810840e-10
1.022221999999999964e+00 8.148147999999999502e-01 4.335191727046624262e-09
1.022221999999999964e+00 8.296295999999999671e-01 9.995957326967908027e-08
1.022221999999999964e+00 8.444445000000000423e-01 1.882330351609938735e-06
1.022221999999999964e+00 8.592592000000000008e-01 2.823353788384056528e-05
1.022221999999999964e+00 8.740740999999999650e-01 3.250602526657233671e-04
1.022221999999999964e+00 8.888888999999999818e-01 2.760067894773774334e-03
1.022221999999999964e+00 9.037036999999999987e-01 1.673923355857819331e-02
1.022221999999999964e+00 9.185185000000000155e-01 7.075726940237414553e-02
1.022221999999999964e+00 9.333333000000000323e-01 2.064906801592388541e-01
1.022221999999999964e+00 9.481481000000000492e-01 4.166536407676956211e-01
1.022221999999999964e+00 9.629630000000000134e-01 5.865484532877895951e-01
1.022221999999999964e+00 9.777778000000000302e-01 5.859621980108753458e-01
1.022221999999999964e+00 9.925926000000000471e-01 4.233737162631667217e-01
1.022221999999999964e+00 1.007406999999999941e+00 2.263891178142559690e-01
1.022221999999999964e+00 1.022221999999999964e+00 9.208897957926107103e-02
1.022221999999999964e+00 1.037036999999999987e+00 2.946653695489514016e-02
1.022221999999999964e+00 1.051852000000000009e+00 7.700269120645441591e-03
1.022221999999999964e+00 1.066667000000000032e+00 1.720741459398661714e-03
1.022221999999999964e+00 1.081480999999999915e+00 3.446435029374846819e-04
1.022221999999999964e+00 1.096295999999999937e+00 6.500801421850461363e-05
1.022221999999999964e+00 1.111110999999999960e+00 1.209764200466024897e-05
1.022221999999999964e+00 1.125925999999999982e+00 2.316391433031010421e-06
1.022221999999999964e+00 1.140741000000000005e+00 4.728441478012826324e-07
1.022221999999999964e+00 1.155556000000000028e+00 1.052423553790460935e-07
1.022221999999999964e+00 1.170369999999999910e+00 2.604343801748338306e-08
1.022221999999999964e+00 1.185184999999999933e+00 7.204932327320949864e-09
1.022221999999999964e+00 1.199999999999999956e+00 2.231704932202976252e-09
1.037036999999999987e+00 8.000000000000000444e-01 1.907447263637038976e-09
1.037036999999999987e+00 8.148147999999999502e-01 4.709966257322646632e-08
1.037036999999999987e+00 8.296295999999999671e-01 9.441318584446170580e-07
1.037036999999999987e+00 8.444445000000000423e-01 1.524132605513065086e-05
1.037036999999999987e+00 8.592592000000000008e-01 1.934483511973657938e-04
1.037036999999999987e+00 8.740740999999999650e-01 1.862193844526297904e-03
1.037036999999999987e+00 8.888888999999999818e-01 1.311498250018804969e-02
1.037036999999999987e+00 9.037036999999999987e-01 6.525190746670748998e-02
1.037036999999999987e+00 9.185185000000000155e-01 2.249223606732816960e-01
1.037036999999999987e+00 9.333333000000000323e-01 5.336580505031498500e-01
1.037036999999999987e+00 9.481481000000000492e-01 8.710986917458680701e-01
1.037036999999999987e+00 9.629630000000000134e-01 9.925280548194272967e-01
1.037036999999999987e+00 9.777778000000000302e-01 8.033217181535856621e-01
1.037036999999999987e+00 9.925926000000000471e-01 4.721304285005754608e-01
1.037036999999999987e+00 1.007406999999999941e+00 2.065939513149769591e-01
1.037036999999999987e+00 1.022221999999999964e+00 6.946029393213101755e-02
1.037036999999999987e+00 1.037036999999999987e+00 1.855529659420194349e-02
1.037036999999999987e+00 1.051852000000000009e+00 4.109310607273249615e-03
1.037036999999999987e+00 1.066667000000000032e+00 7.887982288906706914e-04
1.037036999999999987e+00 1.081480999999999915e+00 1.379664525256894467e-04
1.037036999999999987e+00 1.096295999999999937e+00 2.310411078980422186e-05
1.037036999999999987e+00 1.111110999999999960e+00 3.878740773177579836e-06
1.037036999999999987e+00 1.125925999999999982e+00 6.807981343977575819e-07
1.037036999999999987e+00 1.140741000000000005e+00 1.291230514547196427e-07
1.037036999999999987e+00 1.155556000000000028e+00 2.710629088560737142e-08
1.037036999999999987e+00 1.170369999999999910e+00 6.390201726265760717e-09
1.037036999999999987e+00 1.185184999999999933e+00 1.701934996406995918e-09
1.037036999999999987e+00 1.199999999999999956e+00 5.110774355118120135e-10
1.051852000000000009e+00 8.000000000000000444e-01 1.399591969735509754e-08
1.051852000000000009e+00 8.148147999999999502e-01 2.996951636674851436e-07
1.051852000000000009e+00 8.296295999999999671e-01 5.137212195765410314e-06
1.051852000000000009e+00 8.444445000000000423e-01 7.010615252105510773e-05
1.051852000000000009e+00 8.592592000000000008e-01 7.436054298742204687e-04
1.051852000000000009e+00 8.740740999999999650e-01 5.937304716586604310e-03
1.051852000000000009e+00 8.888888999999999818e-01 3.433809155645585476e-02
1.051852000000000009e+00 9.037036999999999987e-01 1.396661984668177703e-01
1.051852000000000009e+00 9.185185000000000155e-01 3.923896216639678469e-01
1.051852000000000009e+00 9.333333000000000323e-01 7.550283354802465041e-01
1.051852000000000009e+00 9.481481000000000492e-01 1.000000000000000000e+00
1.051852000000000009e+00 9.629630000000000134e-01 9.268162065593620325e-01
1.051852000000000009e+00 9.777778000000000302e-01 6.120140740013587655e-01
1.051852000000000009e+00 9.925926000000000471e-01 2.952301669239390525e-01
1.051852000000000009e+00 1.007406999999999941e+00 1.070991754968284720e-01
1.051852000000000009e+00 1.022221999999999964e+00 3.012198425200805774e-02
1.051852000000000009e+00 1.037036999999999987e+00 6.826112141845377956e-03
1.051852000000000009e+00 1.051852000000000009e+00 1.299858326589835127e-03
1.051852000000000009e+00 1.066667000000000032e+00 2.181124069182274815e-04
1.051852000000000009e+00 1.081480999999999915e+00 3.392019494016722627e-05
1.051852000000000009e+00 1.096295999999999937e+00 5.129512153945316840e-06
1.051852000000000009e+00 1.111110999999999960e+00 7.909745849285588628e-07
1.051852000000000009e+00 1.125925999999999982e+00 1.295110022443842864e-07
1.051852000000000009e+00 1.140741000000000005e+00 2.322584894145158764e-08
1.051852000000000009e+00 1.155556000000000028e+00 4.668163954812915813e-09
1.051852000000000009e+00 1.170369999999999910e+00 1.065310000349923574e-09
1.051852000000000009e+00 1.185184999999999933e+00 2.770009999002286108e-10
1.051852000000000009e+00 1.199999999999999956e+00 8.173817213359278217e-11
1.066667000000000032e+00 8.000000000000000444e-01 5.942802027513045690e-08
1.066667000000000032e+00 8.148147999999999502e-01 1.088184333182920830e-06
1.066667000000000032e+00 8.296295999999999671e-01 1.575268076302413256e-05
1.066667000000000032e+00 8.444445000000000423e-01 1.798297478402982618e-04
1.066667000000000032e+00 8.592592000000000008e-01 1.583686376225937288e-03
1.066667000000000032e+00 8.740740999999999650e-01 1.042550574253895031e-02
1.066667000000000032e+00 8.888888999999999818e-01 4.948924033522271448e-02
1.066667000000000032e+00 9.037036999999999987e-01 1.645567143681463951e-01
1.066667000000000032e+00 9.185185000000000155e-01 3.768153497430496990e-01
1.066667000000000032e+00 9.333333000000000323e-01 5.912596606168845081e-01
1.066667000000000032e+00 9.481481000000000492e-01 6.405039439841094806e-01
1.066667000000000032e+00 9.629630000000000134e-01 4.865089406657108206e-01
1.066667000000000032e+00 9.777778000000000302e-01 2.651392816336018421e-01
1.066667000000000032e+00 9.925926000000000471e-01 1.064585043792760644e-01
1.066667000000000032e+00 1.007406999999999941e+00 3.245177947154236769e-02
1.066667000000000032e+00 1.022221999999999964e+00 7.766000370224541462e-03
1.066667000000000032e+00 1.037036999999999987e+00 1.518549008068215264e-03
1.066667000000000032e+00 1.051852000000000009e+00 2.535372000347947945e-04
1.066667000000000032e+00 1.066667000000000032e+00 3.790225306564853918e-05
1.066667000000000032e+00 1.081480999999999915e+00 5.336182757668344429e-06
1.066667000000000032e+00 1.096295999999999937e+00 7.430518574353552276e-07
1.066667000000000032e+00 1.111110999999999960e+00 1.073147212081305921e-07
1.066667000000000032e+00 1.125925999999999982e+00 1.667258638748767263e-08
1.066667000000000032e+00 1.140741000000000005e+00 2.875612908075336516e-09
1.066667000000000032e+00 1.155556000000000028e+00 5.628544764358735171e-10
1.066667000000000032e+00 1.170369999999999910e+00 1.264088020713010813e-10
1.066667000000000032e+00 1.185184999999999933e+00 3.252539327937912050e-11
1.066667000000000032e+00 1.199999999999999956e+00 9.568927363250440015e-12
1.081480999999999915e+00 8.000000000000000444e-01 1.442093173652565181e-07
1.081480999999999915e+00 8.148147999999999502e-01 2.232251144138395034e-06
1.081480999999999915e+00 8.296295999999999671e-01 2.707228627547770991e-05
1.081480999999999915e+00 8.444445000000000423e-01 2.572402718251607929e-04
1.081480999999999915e+00 8.592592000000000008e-01 1.875274931830114497e-03
1.081480999999999915e+00 8.740740999999999650e-01 1.017318440937982869e-02
1.081480999999999915e+00 8.888888999999999818e-01 3.961687956102027258e-02
1.081480999999999915e+00 9.037036999999999987e-01 1.083379251737168897e-01
1.081480999999999915e+00 9.185185000000000155e-01 2.037217880512348367e-01
1.081480999999999915e+00 9.333333000000000323e-01 2.630266292575544895e-01
1.081480999999999915e+00 9.481481000000000492e-01 2.353927225228049924e-01
1.081480999999999915e+00 9.629630000000000134e-01 1.485995759999912125e-01
1.081480999999999915e+00 9.777778000000000302e-01 6.784700738579921286e-02
1.081480999999999915e+00 9.925926000000000471e-01 2.302902274613513600e-02
1.081480999999999915e+00 1.007406999999999941e+00 5.999974858577254364e-03
1.081480999999999915e+00 1.022221999999999964e+00 1.245771826731121830e-03
1.081480999999999915e+00 1.037036999999999987e+00 2.143286442845019821e-04
1.081480999999999915e+00 1.051852000000000009e+00 3.197679738124685326e-05
1.081480999999999915e+00 1.066667000000000032e+00 4.347106963415694351e-06
1.081480999999999915e+00 1.081480999999999915e+00 5.655314095282538295e-07
1.081480999999999915e+00 1.096295999999999937e+00 7.397785835010689765e-08
1.081480999999999915e+00 1.111110999999999960e+00 1.019875686565495090e-08
1.081480999999999915e+00 1.125925999999999982e+00 1.534593978525177416e-09
1.081480999999999915e+00 1.140741000000000005e+00 2.594388724578593126e-10
1.081480999999999915e+00 1.155556000000000028e+00 5.027566264244076653e-11
1.081480999999999915e+00 1.170369999999999910e+00 1.126297858751493381e-11
1.081480999999999915e+00 1.185184999999999933e+00 2.912527077745641703e-12
1.081480999999999915e+00 1.199999999999999956e+00 8.650405590526641513e-13
1.096295999999999937e+00 8.000000000000000444e-01 1.999896943451639486e-07
1.096295999999999937e+00 8.148147999999999502e-01 2.602598991761741511e-06
1.096295999999999937e+00 8.296295999999999671e-01 2.637747847413551079e-05
1.096295999999999937e+00 8.444445000000000423e-01 2.082023738648669585e-04
1.096295999999999937e+00 8.592592000000000008e-01 1.258292041738793676e-03
1.096295999999999937e+00 8.740740999999999650e-01 5.642094032626781760e-03
1.096295999999999937e+00 8.888888999999999818e-01 1.821517939170065256e-02
1.096295999999999937e+00 9.037036999999999987e-01 4.117187093908421247e-02
1.096295999999999937e+00 9.185185000000000155e-01 6.418408475699761973e-02
1.096295999999999937e+00 9.333333000000000323e-01 6.907931097906765128e-02
1.096295999999999937e+00 9.481481000000000492e-01 5.179301419041753424e-02
1.096295999999999937e+00 9.629630000000000134e-01 2.761213303882604359e-02
1.096295999999999937e+00 9.777778000000000302e-01 1.073227202121614793e-02
1.096295999999999937e+00 9.925926000000000471e-01 3.138532327364790091e-03
1.096295999999999937e+00 1.007406999999999941e+00 7.137341527805126816e-04
1.096295999999999937e+00 1.022221999999999964e+00 1.311065770842560611e-04
1.096295999999999937e+00 1.037036999999999987e+00 2.025720551099791458e-05
1.096295999999999937e+00 1.051852000000000009e+00 2.760772572036698474e-06
1.096295999999999937e+00 1.066667000000000032e+00 3.480220489942746762e-07
1.096295999999999937e+00 1.081480999999999915e+00 4.274558165519276284e-08
1.096295999999999937e+00 1.096295999999999937e+00 5.364299703244325284e-09
1.096295999999999937e+00 1.111110999999999960e+00 7.176780828476344769e-10
1.096295999999999937e+00 1.125925999999999982e+00 1.066466588156450340e-10
1.096295999999999937e+00 1.140741000000000005e+00 1.796671924945304457e-11
1.096295999999999937e+00 1.155556000000000028e+00 3.504406287316188478e-12
1.096295999999999937e+00 1.170369999999999910e+00 7.953453277831530391e-13
1.096295999999999937e+00 1.185184999999999933e+00 2.098255339930685095e-13
1.096295999999999937e+00 1.199999999999999956e+00 6.376958770172852454e-14
1.111110999999999960e+00 8.000000000000000444e-01 1.610582075054749797e-07
1.111110999999999960e+00 8.148147999999999502e-01 1.757707772087175518e-06
1.111110999999999960e+00 8.296295999999999671e-01 1.487988882537985452e-05
1.111110999999999960e+00 8.444445000000000423e-01 9.800422186175237755e-05
1.111110999999999960e+00 8.592592000000000008e-01 4.934939295388235305e-04
1.111110999999999960e+00 8.740740999999999650e-01 1.845509293027847815e-03
1.111110999999999960e+00 8.888888999999999818e-01 4.971667410842929048e-03
1.111110999999999960e+00 9.037036999999999987e-01 9.414539776607550384e-03
1.111110999999999960e+00 9.185185000000000155e-01 1.235122537725024013e-02
1.111110999999999960e+00 9.333333000000000323e-01 1.124310755346103440e-02
1.111110999999999960e+00 9.481481000000000492e-01 7.183274078985106559e-03
1.111110999999999960e+00 9.629630000000000134e-01 3.292856018657609567e-03
1.111110999999999960e+00 9.777778000000000302e-01 1.112661929398520416e-03
1.111110999999999960e+00 9.925926000000000471e-01 2.858623947974503281e-04
1.111110999999999960e+00 1.007406999999999941e+00 5.791697722755298049e-05
1.111110999999999960e+00 1.022221999999999964e+00 9.611983083762560239e-06
1.111110999999999960e+00 1.037036999999999987e+00 1.363439509201526718e-06
1.111110999999999960e+00 1.051852000000000009e+00 1.733418813108309523e-07
1.111110999999999960e+00 1.066667000000000032e+00 2.074418231380645891e-08
1.111110999999999960e+00 1.081480999999999915e+00 2.449210767501441383e-09
1.111110999999999960e+00 1.096295999999999937e+00 3.003718226114661234e-10
1.111110999999999960e+00 1.111110999999999960e+00 3.994570335752186152e-11
1.111110999999999960e+00 1.125925999999999982e+00 5.938883281353756146e-12
1.111110999999999960e+00 1.140741000000000005e+00 1.014119872794986149e-12
1.111110999999999960e+00 1.155556000000000028e+00 2.019007812721618919e-13
1.111110999999999960e+00 1.170369999999999910e+00 4.707661565902824973e-14
1.111110999999999960e+00 1.185184999999999933e+00 1.281064409020319350e-14
1.111110999999999960e+00 1.199999999999999956e+00 4.028025860063505724e-15
1.125925999999999982e+00 8.000000000000000444e-01 7.749906230120540365e-08
1.125925999999999982e+00 8.148147999999999502e-01 7.103557045795554504e-07
1.125925999999999982e+00 8.296295999999999671e-01 5.045569633636461279e-06
1.125925999999999982e+00 8.444445000000000423e-01 2.789676013704646908e-05
1.125925999999999982e+00 8.592592000000000008e-01 1.180975004117368327e-04
1.125925999999999982e+00 8.740740999999999650e-01 3.724156458066473266e-04
1.125925999999999982e+00 8.888888999999999818e-01 8.489587155371282725e-04
1.125925999999999982e+00 9.037036999999999987e-01 1.366503488126605574e-03
1.125925999999999982e+00 9.185185000000000155e-01 1.533810679325133290e-03
1.125925999999999982e+00 9.333333000000000323e-01 1.201721700550845845e-03
1.125925999999999982e+00 9.481481000000000492e-01 6.668136075848123644e-04
1.125925999999999982e+00 9.629630000000000134e-01 2.678723491677001780e-04
1.125925999999999982e+00 9.777778000000000302e-01 8.027919993638440576e-05
1.125925999999999982e+00 9.925926000000000471e-01 1.853221479472551536e-05
1.125925999999999982e+00 1.007406999999999941e+00 3.417846102103467051e-06
1.125925999999999982e+00 1.022221999999999964e+00 5.238816693387749260e-07
1.125925999999999982e+00 1.037036999999999987e+00 6.970456683642861267e-08
1.125925999999999982e+00 1.051852000000000009e+00 8.433955144916643649e-09
1.125925999999999982e+00 1.066667000000000032e+00 9.750815572186079080e-10
1.125925999999999982e+00 1.081480999999999915e+00 1.135247773713576283e-10
1.125925999999999982e+00 1.096295999999999937e+00 1.386712756529014514e-11
1.125925999999999982e+00 1.111110999999999960e+00 1.855253076119334458e-12
1.125925999999999982e+00 1.125925999999999982e+00 2.811185298790063241e-13
1.125925999999999982e+00 1.140741000000000005e+00 4.931737213346431396e-14
1.125925999999999982e+00 1.155556000000000028e+00 1.016323091365430182e-14
1.125925999999999982e+00 1.170369999999999910e+00 2.465208516800293342e-15
1.125925999999999982e+00 1.185184999999999933e+00 6.999659380236062823e-16
1.125925999999999982e+00 1.199999999999999956e+00 2.299890442039761789e-16
1.140741000000000005e+00 8.000000000000000444e-01 2.314470056264184378e-08
1.140741000000000005e+00 8.148147999999999502e-01 1.791575949019755854e-07
1.140741000000000005e+00 8.296295999999999671e-01 1.076279899936434103e-06
1.140741000000000005e+00 8.444445000000000423e-01 5.045569633636461279e-06
1.140741000000000005e+00 8.592592000000000008e-01 1.818342669323124296e-05
1.140741000000000005e+00 8.740740999999999650e-01 4.903383440876341384e-05
1.140741000000000005e+00 8.888888999999999818e-01 9.606360824730864479e-05
1.140741000000000005e+00 9.037036999999999987e-01 1.336214173772269371e-04
1.140741000000000005e+00 9.185185000000000155e-01 1.305831982313564936e-04
1.140741000000000005e+00 9.333333000000000323e-01 8.983822545597837936e-05
1.140741000000000005e+00 9.481481000000000492e-01 4.416844225562012737e-05
1.140741000000000005e+00 9.629630000000000134e-01 1.589509479172734711e-05
1.140741000000000005e+00 9.777778000000000302e-01 4.312468844915684820e-06
1.140741000000000005e+00 9.925926000000000471e-01 9.125709509925077095e-07
1.140741000000000005e+00 1.007406999999999941e+00 1.565328413655809769e-07
1.140741000000000005e+00 1.022221999999999964e+00 2.261844755803300636e-08
1.140741000000000005e+00 1.037036999999999987e+00 2.879929564120990346e-09
1.140741000000000005e+00 1.051852000000000009e+00 3.388376607803251311e-10
1.140741000000000005e+00 1.066667000000000032e+00 3.874575168789644321e-11
1.140741000000000005e+00 1.081480999999999915e+00 4.504248740677962074e-12
1.140741000000000005e+00 1.096295999999999937e+00 5.573962542079937757e-13
1.140741000000000005e+00 1.111110999999999960e+00 7.638424020932420856e-14
1.140741000000000005e+00 1.125925999999999982e+00 1.196847841455072820e-14
1.140741000000000005e+00 1.140741000000000005e+00 2.189725941019394981e-15
1.140741000000000005e+00 1.155556000000000028e+00 4.724971304970141320e-16
1.140741000000000005e+00 1.170369999999999910e+00 1.204857723159773959e-16
1.140741000000000005e+00 1.185184999999999933e+00 3.605449968713349275e-17
1.140741000000000005e+00 1.199999999999999956e+00 1.249129090514563806e-17
1.155556000000000028e+00 8.000000000000000444e-01 4.509858764490652532e-09
1.155556000000000028e+00 8.148147999999999502e-01 2.971838378405919900e-08
1.155556000000000028e+00 8.296295999999999671e-01 1.526680317418652911e-07
1.155556000000000028e+00 8.444445000000000423e-01 6.144735204999939994e-07
1.155556000000000028e+00 8.592592000000000008e-01 1.912689865680675567e-06
1.155556000000000028e+00 8.740740999999999650e-01 4.477256891834693268e-06
1.155556000000000028e+00 8.888888999999999818e-01 7.667652898817292248e-06
1.155556000000000028e+00 9.037036999999999987e-01 9.393430462423223712e-06
1.155556000000000028e+00 9.185185000000000155e-01 8.149939940522121413e-06
1.155556000000000028e+00 9.333333000000000323e-01 5.020404750103381120e-06
1.155556000000000028e+00 9.481481000000000492e-01 2.232251144138395034e-06
1.155556000000000028e+00 9.629630000000000134e-01 7.341885215215988326e-07
1.155556000000000028e+00 9.777778000000000302e-01 1.843370429117433114e-07
1.155556000000000028e+00 9.925926000000000471e-01 3.653482213721045561e-08
1.155556000000000028e+00 1.007406999999999941e+00 5.943307739847867927e-09
1.155556000000000028e+00 1.022221999999999964e+00 8.267655133379285283e-10
1.155556000000000028e+00 1.037036999999999987e+00 1.028242392841809734e-10
1.155556000000000028e+00 1.051852000000000009e+00 1.200737585956693479e-11
1.155556000000000028e+00 1.066667000000000032e+00 1.376468437668662851e-12
1.155556000000000028e+00 1.081480999999999915e+00 1.626785869467599443e-13
1.155556000000000028e+00 1.096295999999999937e+00 2.071330805508845900e-14
1.155556000000000028e+00 1.111110999999999960e+00 2.949915113669261971e-15
1.155556000000000028e+00 1.125925999999999982e+00 4.839742359989184715e-16
1.155556000000000028e+00 1.140741000000000005e+00 9.331974119970176330e-17
1.155556000000000028e+00 1.155556000000000028e+00 2.131757124872611933e-17
1.155556000000000028e+00 1.170369999999999910e+00 5.772075226855882263e-18
1.155556000000000028e+00 1.185184999999999933e+00 1.834059239263823010e-18
1.155556000000000028e+00 1.199999999999999956e+00 6.740383125714627982e-19
1.170369999999999910e+00 8.000000000000000444e-01 6.054797481408497258e-10
1.170369999999999910e+00 8.148147999999999502e-01 3.435855116640778523e-09
1.170369999999999910e+00 8.296295999999999671e-01 1.528337806636824749e-08
1.170369999999999910e+00 8.444445000000000423e-01 5.363843258340854614e-08
1.170369999999999910e+00 8.592592000000000008e-01 1.464619747794098236e-07
1.170369999999999910e+00 8.740740999999999650e-01 3.031615515776290735e-07
1.170369999999999910e+00 8.888888999999999818e-01 4.623239505123160281e-07
1.170369999999999910e+00 9.037036999999999987e-01 5.083986261174175783e-07
1.170369999999999910e+00 9.185185000000000155e-01 3.993210927318542498e-07
1.170369999999999910e+00 9.333333000000000323e-01 2.248123011513130078e-07
1.170369999999999910e+00 9.481481000000000492e-01 9.218208786878105662e-08
1.170369999999999910e+00 9.629630000000000134e-01 2.829728424431983410e-08
1.170369999999999910e+00 9.777778000000000302e-01 6.704412132800298563e-09
1.170369999999999910e+00 9.925926000000000471e-01 1.269681189347489979e-09
1.170369999999999910e+00 1.007406999999999941e+00 1.999407586517528409e-10
1.170369999999999910e+00 1.022221999999999964e+00 2.729002131919060921e-11
1.170369999999999910e+00 1.037036999999999987e+00 3.382182177864476052e-12
1.170369999999999910e+00 1.051852000000000009e+00 3.973336654856280740e-13
1.170369999999999910e+00 1.066667000000000032e+00 4.646858044747814871e-14
1.170369999999999910e+00 1.081480999999999915e+00 5.664827222573764311e-15
1.170369999999999910e+00 1.096295999999999937e+00 7.522221359597962499e-16
1.170369999999999910e+00 1.111110999999999960e+00 1.126777160992566986e-16
1.170369999999999910e+00 1.125925999999999982e+00 1.958045106555754209e-17
1.170369999999999910e+00 1.140741000000000005e+00 4.016985211506362860e-18
1.170369999999999910e+00 1.155556000000000028e+00 9.797397281545607893e-19
1.170369999999999910e+00 1.170369999999999910e+00 2.832378355141797500e-19
1.170369999999999910e+00 1.185184999999999933e+00 9.618630163397968239e-20
1.170369999999999910e+00 1.199999999999999956e+00 3.776138247923649811e-20
1.185184999999999933e+00 8.000000000000000444e-01 5.965160862620893348e-11
1.185184999999999933e+00 8.148147999999999502e-01 2.951610430199714547e-10
1.185184999999999933e+00 8.296295999999999671e-01 1.153459672400983384e-09
1.185184999999999933e+00 8.444445000000000423e-01 3.586819357476479852e-09
1.185184999999999933e+00 8.592592000000000008e-01 8.743108910020552871e-09
1.185184999999999933e+00 8.740740999999999650e-01 1.628534847371208449e-08
1.185184999999999933e+00 8.888888999999999818e-01 2.253942136808928063e-08
1.185184999999999933e+00 9.037036999999999987e-01 2.268640478559437711e-08
1.185184999999999933e+00 9.185185000000000155e-01 1.645724551284560891e-08
1.185184999999999933e+00 9.333333000000000323e-01 8.634500266838126175e-09
1.185184999999999933e+00 9.481481000000000492e-01 3.330977608211684229e-09
1.185184999999999933e+00 9.629630000000000134e-01 9.731333429674297133e-10
1.185184999999999933e+00 9.777778000000000302e-01 2.217434573047822191e-10
1.185184999999999933e+00 9.925926000000000471e-01 4.089554430550247541e-11
1.185184999999999933e+00 1.007406999999999941e+00 6.344073791277048660e-12
1.185184999999999933e+00 1.022221999999999964e+00 8.641759508695776012e-13
1.185184999999999933e+00 1.037036999999999987e+00 1.082860562875550993e-13
1.185184999999999933e+00 1.051852000000000009e+00 1.299775168127992596e-14
1.185184999999999933e+00 1.066667000000000032e+00 1.573459022483951129e-15
1.185184999999999933e+00 1.081480999999999915e+00 2.005435988825057241e-16
1.185184999999999933e+00 1.096295999999999937e+00 2.807927258958728458e-17
1.185184999999999933e+00 1.111110999999999960e+00 4.468405680137842609e-18
1.185184999999999933e+00 1.125925999999999982e+00 8.294700085135528132e-19
1.185184999999999933e+00 1.140741000000000005e+00 1.825067124464994077e-19
1.185184999999999933e+00 1.155556000000000028e+00 4.781249241158906511e-20
1.185184999999999933e+00 1.170369999999999910e+00 1.486169285229812315e-20
1.185184999999999933e+00 1.185184999999999933e+00 5.421036063848287175e-21
1.185184999999999933e+00 1.199999999999999956e+00 2.281394668975932238e-21
1.199999999999999956e+00 8.000000000000000444e-01 4.592943555063847891e-12
1.199999999999999956e+00 8.148147999999999502e-01 2.012617317325165792e-11
1.199999999999999956e+00 8.296295999999999671e-01 7.024724679591636780e-11
1.199999999999999956e+00 8.444445000000000423e-01 1.966688039919512860e-10
1.199999999999999956e+00 8.592592000000000008e-01 4.359471916430090219e-10
1.199999999999999956e+00 8.740740999999999650e-01 7.443572660864072487e-10
1.199999999999999956e+00 8.888888999999999818e-01 9.529106244888397733e-10
1.199999999999999956e+00 9.037036999999999987e-01 8.942819590892274942e-10
1.199999999999999956e+00 9.185185000000000155e-01 6.100379180229384884e-10
1.199999999999999956e+00 9.333333000000000323e-01 3.035423428511403005e-10
1.199999999999999956e+00 9.481481000000000492e-01 1.124513986082347991e-10
1.199999999999999956e+00 9.629630000000000134e-01 3.181764836675496426e-11
1.199999999999999956e+00 9.777778000000000302e-01 7.095928124418663448e-12
1.199999999999999956e+00 9.925926000000000471e-01 1.295013494976071852e-12
1.199999999999999956e+00 1.007406999999999941e+00 2.012959865738656010e-13
1.199999999999999956e+00 1.022221999999999964e+00 2.783450379754855783e-14
1.199999999999999956e+00 1.037036999999999987e+00 3.565400518320540197e-15
1.199999999999999956e+00 1.051852000000000009e+00 4.436480970169689486e-16
1.199999999999999956e+00 1.066667000000000032e+00 5.617836250141924139e-17
1.199999999999999956e+00 1.081480999999999915e+00 7.564994906129606297e-18
1.199999999999999956e+00 1.096295999999999937e+00 1.127532564359249013e-18
1.199999999999999956e+00 1.111110999999999960e+00 1.921520436922429240e-19
1.199999999999999956e+00 1.125925999999999982e+00 3.837042393772880867e-20
1.199999999999999956e+00 1.140741000000000005e+00 9.104665303581695694e-21
1.199999999999999956e+00 1.155556000000000028e+00 2.576126599684130819e-21
1.199999999999999956e+00 1.170369999999999910e+00 8.644057113036095336e-22
1.199999999999999956e+00 1.185184999999999933e+00 3.395231835008390916e-22
1.199999999999999956e+00 1.199999999999999956e+00 1.534756974753784067e-22
