8.000000000000000444e-01 8.000000000000000444e-01 1.743590653485991333e-17
8.000000000000000444e-01 8.148147999999999502e-01 7.694044445046454710e-17
8.000000000000000444e-01 8.296295999999999671e-01 3.822334982733864244e-16
8.000000000000000444e-01 8.444445000000000423e-01 2.065301860007982004e-15
8.000000000000000444e-01 8.592592000000000008e-01 1.157417583075300937e-14
8.000000000000000444e-01 8.740740999999999650e-01 6.396118371513778428e-14
8.000000000000000444e-01 8.888888999999999818e-01 3.320469567505068177e-13
8.000000000000000444e-01 9.037036999999999987e-01 1.554293522346668187e-12
8.000000000000000444e-01 9.185185000000000155e-01 6.382252656078794122e-12
8.000000000000000444e-01 9.333333000000000323e-01 2.261291302577243538e-11
8.000000000000000444e-01 9.481481000000000492e-01 6.885625811281069174e-11
8.000000000000000444e-01 9.629630000000000134e-01 1.811854542681549678e-10
8.000000000000000444e-01 9.777778000000000302e-01 4.155159977364086681e-10
8.000000000000000444e-01 9.925926000000000471e-01 8.417820358362227617e-10
8.000000000000000444e-01 1.007406999999999941e+00 1.528467863010402840e-09
8.000000000000000444e-01 1.022221999999999964e+00 2.520017477326820776e-09
8.000000000000000444e-01 1.037036999999999987e+00 3.821969390214426472e-09
8.000000000000000444e-01 1.051852000000000009e+00 5.404683199831831059e-09
8.000000000000000444e-01 1.066667000000000032e+00 7.204932327317674228e-09
8.000000000000000444e-01 1.081480999999999915e+00 9.163844876377381420e-09
8.000000000000000444e-01 1.096295999999999937e+00 1.123198865189792765e-08
8.000000000000000444e-01 1.111110999999999960e+00 1.339345074286068037e-08
8.000000000000000444e-01 1.125925999999999982e+00 1.563115185641717032e-08
8.000000000000000444e-01 1.140741000000000005e+00 1.793521030636647565e-08
8.000000000000000444e-01 1.155556000000000028e+00 2.027251113183338441e-08
8.000000000000000444e-01 1.170369999999999910e+00 2.253942136808928063e-08
8.000000000000000444e-01 1.185184999999999933e+00 2.457588891627189383e-08
8.000000000000000444e-01 1.199999999999999956e+00 2.616089757435226811e-08
8.148147999999999502e-01 8.000000000000000444e-01 2.413182898470875356e-17
8.148147999999999502e-01 8.148147999999999502e-01 1.171003985258266078e-16
8.148147999999999502e-01 8.296295999999999671e-01 6.346233503739267094e-16
8.148147999999999502e-01 8.444445000000000423e-01 3.707198221339781142e-15
8.148147999999999502e-01 8.592592000000000008e-01 2.227079981115510590e-14
8.148147999999999502e-01 8.740740999999999650e-01 1.307485999319965780e-13
8.148147999999999502e-01 8.888888999999999818e-01 7.146381959057485338e-13
8.148147999999999502e-01 9.037036999999999987e-01 3.500903632645788960e-12
8.148147999999999502e-01 9.185185000000000155e-01 1.493221733498968581e-11
8.148147999999999502e-01 9.333333000000000323e-01 5.470861081326989991e-11
8.148147999999999502e-01 9.481481000000000492e-01 1.714036182518748732e-10
8.148147999999999502e-01 9.629630000000000134e-01 4.615180274583746963e-10
8.148147999999999502e-01 9.777778000000000302e-01 1.078709950564882131e-09
8.148147999999999502e-01 9.925926000000000471e-01 2.217245892929217427e-09
8.148147999999999502e-01 1.007406999999999941e+00 4.062367114916216090e-09
8.148147999999999502e-01 1.022221999999999964e+00 6.721194131887849107e-09
8.148147999999999502e-01 1.037036999999999987e+00 1.018347019822018055e-08
8.148147999999999502e-01 1.051852000000000009e+00 1.429294182788322346e-08
8.148147999999999502e-01 1.066667000000000032e+00 1.883592285854795883e-08
8.148147999999999502e-01 1.081480999999999915e+00 2.355329761905647258e-08
8.148147999999999502e-01 1.096295999999999937e+00 2.828313913877873224e-08
8.148147999999999502e-01 1.111110999999999960e+00 3.289319629845753001e-08
8.148147999999999502e-01 1.125925999999999982e+00 3.738486102132158510e-08
8.148147999999999502e-01 1.140741000000000005e+00 4.166934959938131493e-08
8.148147999999999502e-01 1.155556000000000028e+00 4.570765717584109633e-08
8.148147999999999502e-01 1.170369999999999910e+00 4.929219918299676607e-08
8.148147999999999502e-01 1.185184999999999933e+00 5.215738785754652143e-08
8.148147999999999502e-01 1.199999999999999956e+00 5.390729634560434095e-08
8.296295999999999671e-01 8.000000000000000444e-01 4.515186897912563015e-17
8.296295999999999671e-01 8.148147999999999502e-01 2.408156429863844500e-16
8.296295999999999671e-01 8.296295999999999671e-01 1.423012914926020517e-15
8.296295999999999671e-01 8.444445000000000423e-01 8.973505432767971100e-15
8.296295999999999671e-01 8.592592000000000008e-01 5.761462230291249752e-14
8.296295999999999671e-01 8.740740999999999650e-01 3.577292426857925591e-13
8.296295999999999671e-01 8.888888999999999818e-01 2.051397187609384857e-12
8.296295999999999671e-01 9.037036999999999987e-01 1.044915502122209432e-11
8.296295999999999671e-01 9.185185000000000155e-01 4.608654841210528141e-11
8.296295999999999671e-01 9.333333000000000323e-01 1.733861374984853208e-10
8.296295999999999671e-01 9.481481000000000492e-01 5.544746649958281636e-10
8.296295999999999671e-01 9.629630000000000134e-01 1.517047234927032161e-09
8.296295999999999671e-01 9.777778000000000302e-01 3.581443161594118080e-09
8.296295999999999671e-01 9.925926000000000471e-01 7.394717078508364743e-09
8.296295999999999671e-01 1.007406999999999941e+00 1.353482288052752804e-08
8.296295999999999671e-01 1.022221999999999964e+00 2.225943217910645316e-08
8.296295999999999671e-01 1.037036999999999987e+00 3.332359940906034996e-08
8.296295999999999671e-01 1.051852000000000009e+00 4.598272750466562262e-08
8.296295999999999671e-01 1.066667000000000032e+00 5.927963578233896449e-08
8.296295999999999671e-01 1.081480999999999915e+00 7.218742320916840279e-08
8.296295999999999671e-01 1.096295999999999937e+00 8.407975704092494059e-08
8.296295999999999671e-01 1.111110999999999960e+00 9.465756844945885040e-08
8.296295999999999671e-01 1.125925999999999982e+00 1.038311307803761992e-07
8.296295999999999671e-01 1.140741000000000005e+00 1.115826795733330051e-07
8.296295999999999671e-01 1.155556000000000028e+00 1.180095834618861847e-07
8.296295999999999671e-01 1.170369999999999910e+00 1.227028816714896062e-07
8.296295999999999671e-01 1.185184999999999933e+00 1.253068885624187753e-07
8.296295999999999671e-01 1.199999999999999956e+00 1.251816443063958726e-07
8.444445000000000423e-01 8.000000000000000444e-01 1.141520890688125731e-16
8.444445000000000423e-01 8.148147999999999502e-01 6.681626780431979892e-16
8.444445000000000423e-01 8.296295999999999671e-01 4.289955650083882727e-15
8.444445000000000423e-01 8.444445000000000423e-01 2.907202567805886968e-14
8.444445000000000423e-01 8.592592000000000008e-01 1.982990797682082174e-13
8.444445000000000423e-01 8.740740999999999650e-01 1.295013494976660734e-12
8.444445000000000423e-01 8.888888999999999818e-01 7.729321747990610097e-12
8.444445000000000423e-01 9.037036999999999987e-01 4.065090568943884152e-11
8.444445000000000423e-01 9.185185000000000155e-01 1.835562419047658682e-10
8.444445000000000423e-01 9.333333000000000323e-01 7.027639891804445979e-10
8.444445000000000423e-01 9.481481000000000492e-01 2.273375739941222105e-09
8.444445000000000423e-01 9.629630000000000134e-01 6.251152438724432881e-09
8.444445000000000423e-01 9.777778000000000302e-01 1.475033562768478467e-08
8.444445000000000423e-01 9.925926000000000471e-01 3.027329094901961405e-08
8.444445000000000423e-01 1.007406999999999941e+00 5.472200079852720046e-08
8.444445000000000423e-01 1.022221999999999964e+00 8.843482472728049550e-08
8.444445000000000423e-01 1.037036999999999987e+00 1.293168813680330736e-07
8.444445000000000423e-01 1.051852000000000009e+00 1.736020892400081094e-07
8.444445000000000423e-01 1.066667000000000032e+00 2.163215237832847578e-07
8.444445000000000423e-01 1.081480999999999915e+00 2.541096424191518340e-07
8.444445000000000423e-01 1.096295999999999937e+00 2.843670510453516206e-07
8.444445000000000423e-01 1.111110999999999960e+00 3.069748544630759636e-07
8.444445000000000423e-01 1.125925999999999982e+00 3.223912393225737159e-07
8.444445000000000423e-01 1.140741000000000005e+00 3.318774708019740887e-07
8.444445000000000423e-01 1.155556000000000028e+00 3.358839914976962168e-07
8.444445000000000423e-01 1.170369999999999910e+00 3.348778494907674726e-07
8.444445000000000423e-01 1.185184999999999933e+00 3.282468237906755117e-07
8.444445000000000423e-01 1.199999999999999956e+00 3.158495008316401868e-07
8.592592000000000008e-01 8.000000000000000444e-01 3.862680945679664325e-16
8.592592000000000008e-01 8.148147999999999502e-01 2.468909104320784333e-15
8.592592000000000008e-01 8.296295999999999671e-01 1.711193879271877949e-14
8.592592000000000008e-01 8.444445000000000423e-01 1.236897476137517853e-13
8.592592000000000008e-01 8.592592000000000008e-01 8.891592869720582470e-13
8.592592000000000008e-01 8.740740999999999650e-01 6.049775209684479304e-12
8.592592000000000008e-01 8.888888999999999818e-01 3.724512694236050914e-11
8.592592000000000008e-01 9.037036999999999987e-01 2.001407994140654656e-10
8.592592000000000008e-01 9.185185000000000155e-01 9.160043521592492980e-10
8.592592000000000008e-01 9.333333000000000323e-01 3.528122419496555999e-09
8.592592000000000008e-01 9.481481000000000492e-01 1.140744071682274008e-08
8.592592000000000008e-01 9.629630000000000134e-01 3.114849211834918384e-08
8.592592000000000008e-01 9.777778000000000302e-01 7.262184972468091232e-08
8.592592000000000008e-01 9.925926000000000471e-01 1.462424465046301719e-07
8.592592000000000008e-01 1.007406999999999941e+00 2.580790251225622817e-07
8.592592000000000008e-01 1.022221999999999964e+00 4.047484799192482329e-07
8.592592000000000008e-01 1.037036999999999987e+00 5.715007736466720686e-07
8.592592000000000008e-01 1.051852000000000009e+00 7.367626835024565886e-07
8.592592000000000008e-01 1.066667000000000032e+00 8.794228472844398844e-07
8.592592000000000008e-01 1.081480999999999915e+00 9.856150247657402400e-07
8.592592000000000008e-01 1.096295999999999937e+00 1.050231438987318574e-06
8.592592000000000008e-01 1.111110999999999960e+00 1.077356718155964772e-06
8.592592000000000008e-01 1.125925999999999982e+00 1.075741894499413231e-06
8.592592000000000008e-01 1.140741000000000005e+00 1.052334003729130477e-06
8.592592000000000008e-01 1.155556000000000028e+00 1.014109165810280249e-06
8.592592000000000008e-01 1.170369999999999910e+00 9.641682734969051213e-07
8.592592000000000008e-01 1.185184999999999933e+00 9.039425766290803656e-07
8.592592000000000008e-01 1.199999999999999956e+00 8.336101415954129098e-07
8.740740999999999650e-01 8.000000000000000444e-01 1.713908431542013000e-15
8.740740999999999650e-01 8.148147999999999502e-01 1.187311255926963205e-14
8.740740999999999650e-01 8.296295999999999671e-01 8.808272193392353784e-14
8.740740999999999650e-01 8.444445000000000423e-01 6.723482227396287522e-13
8.740740999999999650e-01 8.592592000000000008e-01 5.040579803927954179e-12
8.740740999999999650e-01 8.740740999999999650e-01 3.532253395450475251e-11
8.740740999999999650e-01 8.888888999999999818e-01 2.216326132895211154e-10
8.740740999999999650e-01 9.037036999999999987e-01 1.202335405788554700e-09
8.740740999999999650e-01 9.185185000000000155e-01 5.505600445322703743e-09
8.740740999999999650e-01 9.333333000000000323e-01 2.105769048151259071e-08
8.740740999999999650e-01 9.481481000000000492e-01 6.720622229689973645e-08
8.740740999999999650e-01 9.629630000000000134e-01 1.799656207737039646e-07
8.740740999999999650e-01 9.777778000000000302e-01 4.086119127279944886e-07
8.740740999999999650e-01 9.925926000000000471e-01 7.977265239895017421e-07
8.740740999999999650e-01 1.007406999999999941e+00 1.355961176168711603e-06
8.740740999999999650e-01 1.022221999999999964e+00 2.038084829772792565e-06
8.740740999999999650e-01 1.037036999999999987e+00 2.747003161390342904e-06
8.740740999999999650e-01 1.051852000000000009e+00 3.365277943208065092e-06
8.740740999999999650e-01 1.066667000000000032e+00 3.803838003571210441e-06
8.740740999999999650e-01 1.081480999999999915e+00 4.026955204283031264e-06
8.740740999999999650e-01 1.096295999999999937e+00 4.051189565891777898e-06
8.740740999999999650e-01 1.111110999999999960e+00 3.921642448304585950e-06
8.740740999999999650e-01 1.125925999999999982e+00 3.693263771211960935e-06
8.740740999999999650e-01 1.140741000000000005e+00 3.416137606213187645e-06
8.740740999999999650e-01 1.155556000000000028e+00 3.118994137341991171e-06
8.740740999999999650e-01 1.170369999999999910e+00 2.816543877500902120e-06
8.740740999999999650e-01 1.185184999999999933e+00 2.515598023436082447e-06
8.740740999999999650e-01 1.199999999999999956e+00 2.217788565999814495e-06
8.888888999999999818e-01 8.000000000000000444e-01 9.677236692750330463e-15
8.888888999999999818e-01 8.148147999999999502e-01 7.193596835389264597e-14
8.888888999999999818e-01 8.296295999999999671e-01 5.646897102613715084e-13
8.888888999999999818e-01 8.444445000000000423e-01 4.497497432314759266e-12
8.888888999999999818e-01 8.592592000000000008e-01 3.469241641426651091e-11
8.888888999999999818e-01 8.740740999999999650e-01 2.472799550209329989e-10
8.888888999999999818e-01 8.888888999999999818e-01 1.559344962031016556e-09
8.888888999999999818e-01 9.037036999999999987e-01 8.421313695657742349e-09
8.888888999999999818e-01 9.185185000000000155e-01 3.806388136938868042e-08
8.888888999999999818e-01 9.333333000000000323e-01 1.427030413209935055e-07
8.888888999999999818e-01 9.481481000000000492e-01 4.430868661527722315e-07
8.888888999999999818e-01 9.629630000000000134e-01 1.147413820262376465e-06
8.888888999999999818e-01 9.777778000000000302e-01 2.505555729320528718e-06
8.888888999999999818e-01 9.925926000000000471e-01 4.676315707778055593e-06
8.888888999999999818e-01 1.007406999999999941e+00 7.564835165923165492e-06
8.888888999999999818e-01 1.022221999999999964e+00 1.076726548660084512e-05
8.888888999999999818e-01 1.037036999999999987e+00 1.368103487327087832e-05
8.888888999999999818e-01 1.051852000000000009e+00 1.576844132275685470e-05
8.888888999999999818e-01 1.066667000000000032e+00 1.671841084467401783e-05
8.888888999999999818e-01 1.081480999999999915e+00 1.658519712327024320e-05
8.888888999999999818e-01 1.096295999999999937e+00 1.562716206116271543e-05
8.888888999999999818e-01 1.111110999999999960e+00 1.417543529754830420e-05
8.888888999999999818e-01 1.125925999999999982e+00 1.253482233460911130e-05
8.888888999999999818e-01 1.140741000000000005e+00 1.090270101374721689e-05
8.888888999999999818e-01 1.155556000000000028e+00 9.393430462423223712e-06
8.888888999999999818e-01 1.170369999999999910e+00 8.032618447768308511e-06
8.888888999999999818e-01 1.185184999999999933e+00 6.821030485106182296e-06
8.888888999999999818e-01 1.199999999999999956e+00 5.740294742978167731e-06
9.037036999999999987e-01 8.000000000000000444e-01 6.700561319495327577e-14
9.037036999999999987e-01 8.148147999999999502e-01 5.275672761328571551e-13
9.037036999999999987e-01 8.296295999999999671e-01 4.323309149834639807e-12
9.037036999999999987e-01 8.444445000000000423e-01 3.541095076435483895e-11
9.037036999999999987e-01 8.592592000000000008e-01 2.771395350309774828e-10
9.037036999999999987e-01 8.740740999999999650e-01 1.978355288113623804e-09
9.037036999999999987e-01 8.888888999999999818e-01 1.235753300380755429e-08
9.037036999999999987e-01 9.037036999999999987e-01 6.544864811741573320e-08
9.037036999999999987e-01 9.185185000000000155e-01 2.879439482166262914e-07
9.037036999999999987e-01 9.333333000000000323e-01 1.042384167248291213e-06
9.037036999999999987e-01 9.481481000000000492e-01 3.104990196223089773e-06
9.037036999999999987e-01 9.629630000000000134e-01 7.671487683883856487e-06
9.037036999999999987e-01 9.777778000000000302e-01 1.589509479172734711e-05
9.037036999999999987e-01 9.925926000000000471e-01 2.800857064953634926e-05
9.037036999999999987e-01 1.007406999999999941e+00 4.260665910015129293e-05
9.037036999999999987e-01 1.022221999999999964e+00 5.679853640993705847e-05
9.037036999999999987e-01 1.037036999999999987e+00 6.739093800835117170e-05
9.037036999999999987e-01 1.051852000000000009e+00 7.231348005868937136e-05
9.037036999999999987e-01 1.066667000000000032e+00 7.134380809052887030e-05
9.037036999999999987e-01 1.081480999999999915e+00 6.582571437509296267e-05
9.037036999999999987e-01 1.096295999999999937e+00 5.771462213519771867e-05
9.037036999999999987e-01 1.111110999999999960e+00 4.881367787761049136e-05
9.037036999999999987e-01 1.125925999999999982e+00 4.036691678227518980e-05
9.037036999999999987e-01 1.140741000000000005e+00 3.293416464302870286e-05
9.037036999999999987e-01 1.155556000000000028e+00 2.669591501382644814e-05
9.037036999999999987e-01 1.170369999999999910e+00 2.158525748806816051e-05
9.037036999999999987e-01 1.185184999999999933e+00 1.740940466102239173e-05
9.037036999999999987e-01 1.199999999999999956e+00 1.397836193577410209e-05
9.185185000000000155e-01 8.000000000000000444e-01 5.433623425537717868e-13
9.185185000000000155e-01 8.148147999999999502e-01 4.468358503118023491e-12
9.185185000000000155e-01 8.296295999999999671e-01 3.763826111775748671e-11
9.185185000000000155e-01 8.444445000000000423e-01 3.120055936233149447e-10
9.185185000000000155e-01 8.592592000000000008e-01 2.438214080152217753e-09
9.185185000000000155e-01 8.740740999999999650e-01 1.716317048078321726e-08
9.185185000000000155e-01 8.888888999999999818e-01 1.046127918261349583e-07
9.185185000000000155e-01 9.037036999999999987e-01 5.352670798197792320e-07
9.185185000000000155e-01 9.185185000000000155e-01 2.256941454470543497e-06
9.185185000000000155e-01 9.333333000000000323e-01 7.783534632530569948e-06
9.185185000000000155e-01 9.481481000000000492e-01 2.194436875729634758e-05
9.185185000000000155e-01 9.629630000000000134e-01 5.103494315260455848e-05
9.185185000000000155e-01 9.777778000000000302e-01 9.908821935812763384e-05
9.185185000000000155e-01 9.925926000000000471e-01 1.629609428967051566e-04
9.185185000000000155e-01 1.007406999999999941e+00 2.305598675924416276e-04
9.185185000000000155e-01 1.022221999999999964e+00 2.848636252818149322e-04
9.185185000000000155e-01 1.037036999999999987e+00 3.127832810656595332e-04
9.185185000000000155e-01 1.051852000000000009e+00 3.102909972446434841e-04
9.185185000000000155e-01 1.066667000000000032e+00 2.828765428073985776e-04
9.185185000000000155e-01 1.081480999999999915e+00 2.414133375496222062e-04
9.185185000000000155e-01 1.096295999999999937e+00 1.960776115139905001e-04
9.185185000000000155e-01 1.111110999999999960e+00 1.540859491304286425e-04
9.185185000000000155e-01 1.125925999999999982e+00 1.188082154270927413e-04
9.185185000000000155e-01 1.140741000000000005e+00 9.078649653419008784e-05
9.185185000000000155e-01 1.155556000000000028e+00 6.923527990781330093e-05
9.185185000000000155e-01 1.170369999999999910e+00 5.290567219445847054e-05
9.185185000000000155e-01 1.185184999999999933e+00 4.052870781574608068e-05
9.185185000000000155e-01 1.199999999999999956e+00 3.107832273426912854e-05
9.333333000000000323e-01 8.000000000000000444e-01 4.916127445140316039e-12
9.333333000000000323e-01 8.148147999999999502e-01 4.151360130908124303e-11
9.333333000000000323e-01 8.296295999999999671e-01 3.533719256207562269e-10
9.333333000000000323e-01 8.444445000000000423e-01 2.920532132826861435e-09
9.333333000000000323e-01 8.592592000000000008e-01 2.240458973926505039e-08
9.333333000000000323e-01 8.740740999999999650e-01 1.530501793065794971e-07
9.333333000000000323e-01 8.888888999999999818e-01 8.953957836963383610e-07
9.333333000000000323e-01 9.037036999999999987e-01 4.362348494905860741e-06
9.333333000000000323e-01 9.185185000000000155e-01 1.738331012982457458e-05
9.333333000000000323e-01 9.333333000000000323e-01 5.628964303744862920e-05
9.333333000000000323e-01 9.481481000000000492e-01 1.483405372374325796e-04
9.333333000000000323e-01 9.629630000000000134e-01 3.208618183320473922e-04
9.333333000000000323e-01 9.777778000000000302e-01 5.773857330469756889e-04
9.333333000000000323e-01 9.925926000000000471e-01 8.770031270296504760e-04
9.333333000000000323e-01 1.007406999999999941e+00 1.143113041625312427e-03
9.333333000000000323e-01 1.022221999999999964e+00 1.298559117975555018e-03
9.333333000000000323e-01 1.037036999999999987e+00 1.309643914122227007e-03
9.333333000000000323e-01 1.051852000000000009e+00 1.193339022250209779e-03
9.333333000000000323e-01 1.066667000000000032e+00 1.000255311568789456e-03
9.333333000000000323e-01 1.081480999999999915e+00 7.864353802486165985e-04
9.333333000000000323e-01 1.096295999999999937e+00 5.905241651285447757e-04
9.333333000000000323e-01 1.111110999999999960e+00 4.305272231392007405e-04
9.333333000000000323e-01 1.125925999999999982e+00 3.092068770712165103e-04
9.333333000000000323e-01 1.140741000000000005e+00 2.211874557312677682e-04
9.333333000000000323e-01 1.155556000000000028e+00 1.588579740331080359e-04
9.333333000000000323e-01 1.170369999999999910e+00 1.148940682234081526e-04
9.333333000000000323e-01 1.185184999999999933e+00 8.372273437221498490e-05
9.333333000000000323e-01 1.199999999999999956e+00 6.143689546145601537e-05
9.481481000000000492e-01 8.000000000000000444e-01 4.704107310461838421e-11
9.481481000000000492e-01 8.148147999999999502e-01 4.012244979560013169e-10
9.481481000000000492e-01 8.296295999999999671e-01 3.394871250242557757e-09
9.481481000000000492e-01 8.444445000000000423e-01 2.744724605195332817e-08
9.481481000000000492e-01 8.592592000000000008e-01 2.034185821164951369e-07
9.481481000000000492e-01 8.740740999999999650e-01 1.326455779695682687e-06
9.481481000000000492e-01 8.888888999999999818e-01 7.344932046860027455e-06
9.481481000000000492e-01 9.037036999999999987e-01 3.358268336125987694e-05
9.481481000000000492e-01 9.185185000000000155e-01 1.247748056766354550e-04
9.481481000000000492e-01 9.333333000000000323e-01 3.746568565899860751e-04
9.481481000000000492e-01 9.481481000000000492e-01 9.118819655545162437e-04
9.481481000000000492e-01 9.629630000000000134e-01 1.816216114684480933e-03
9.481481000000000492e-01 9.777778000000000302e-01 2.998929162103675539e-03
9.481481000000000492e-01 9.925926000000000471e-01 4.171414884006499103e-03
9.481481000000000492e-01 1.007406999999999941e+00 4.969182198491864377e-03
9.481481000000000492e-01 1.022221999999999964e+00 5.159064574161569515e-03
9.481481000000000492e-01 1.037036999999999987e+00 4.755278570252026958e-03
9.481481000000000492e-01 1.051852000000000009e+00 3.964006590213147406e-03
9.481481000000000492e-01 1.066667000000000032e+00 3.045774678989540598e-03
9.481481000000000492e-01 1.081480999999999915e+00 2.202857274813419756e-03
9.481481000000000492e-01 1.096295999999999937e+00 1.526924037832026173e-03
9.481481000000000492e-01 1.111110999999999960e+00 1.032781118968888537e-03
9.481481000000000492e-01 1.125925999999999982e+00 6.919478267908545782e-04
9.481481000000000492e-01 1.140741000000000005e+00 4.642905575982294317e-04
9.481481000000000492e-01 1.155556000000000028e+00 3.145083286438716836e-04
9.481481000000000492e-01 1.170369999999999910e+00 2.159421522080730500e-04
9.481481000000000492e-01 1.185184999999999933e+00 1.502064314965579717e-04
9.481481000000000492e-01 1.199999999999999956e+00 1.057428874981921160e-04
9.629630000000000134e-01 8.000000000000000444e-01 4.514755036612808261e-10
9.629630000000000134e-01 8.148147999999999502e-01 3.821969390214426472e-09
9.629630000000000134e-01 8.296295999999999671e-01 3.155606600618766435e-08
9.629630000000000134e-01 8.444445000000000423e-01 2.456151394159524635e-07
9.629630000000000134e-01 8.592592000000000008e-01 1.730673359566993301e-06
9.629630000000000134e-01 8.740740999999999650e-01 1.061757405476204918e-05
9.629630000000000134e-01 8.888888999999999818e-01 5.479015683189034509e-05
9.629630000000000134e-01 9.037036999999999987e-01 2.320633878790741734e-04
9.629630000000000134e-01 9.185185000000000155e-01 7.943391872211897492e-04
9.629630000000000134e-01 9.333333000000000323e-01 2.188585137224167629e-03
9.629630000000000134e-01 9.481481000000000492e-01 4.870785798381360027e-03
9.629630000000000134e-01 9.629630000000000134e-01 8.848564823048339287e-03
9.629630000000000134e-01 9.777778000000000302e-01 1.330653514697672894e-02
9.629630000000000134e-01 9.925926000000000471e-01 1.683155298886542667e-02
9.629630000000000134e-01 1.007406999999999941e+00 1.823340368172238560e-02
9.629630000000000134e-01 1.022221999999999964e+00 1.722316498212433239e-02
9.629630000000000134e-01 1.037036999999999987e+00 1.445810676410799918e-02
9.629630000000000134e-01 1.051852000000000009e+00 1.100396078093018697e-02
9.629630000000000134e-01 1.066667000000000032e+00 7.750483891135707612e-03
9.629630000000000134e-01 1.081480999999999915e+00 5.153908088259015995e-03
9.629630000000000134e-01 1.096295999999999937e+00 3.302749419395155112e-03
9.629630000000000134e-01 1.111110999999999960e+00 2.076648464453164245e-03
9.629630000000000134e-01 1.125925999999999982e+00 1.300508418262045574e-03
9.629630000000000134e-01 1.140741000000000005e+00 8.214002927814284582e-04
9.629630000000000134e-01 1.155556000000000028e+00 5.268998844767438508e-04
9.629630000000000134e-01 1.170369999999999910e+00 3.446435029374846819e-04
9.629630000000000134e-01 1.185184999999999933e+00 2.298692244722907758e-04
9.629630000000000134e-01 1.199999999999999956e+00 1.559461192185616050e-04
9.777778000000000302e-01 8.000000000000000444e-01 4.125824328138584488e-09
9.777778000000000302e-01 8.148147999999999502e-01 3.403079455647406007e-08
9.777778000000000302e-01 8.296295999999999671e-01 2.698229051502136894e-07
9.777778000000000302e-01 8.444445000000000423e-01 1.987764336032704854e-06
9.777778000000000302e-01 8.592592000000000008e-01 1.311177338100214668e-05
9.777778000000000302e-01 8.740740999999999650e-01 7.462761089467954414e-05
9.777778000000000302e-01 8.888888999999999818e-01 3.544298910847184549e-04
9.777778000000000302e-01 9.037036999999999987e-01 1.374727155386586911e-03
9.777778000000000302e-01 9.185185000000000155e-01 4.289865064642693453e-03
9.777778000000000302e-01 9.333333000000000323e-01 1.074300966115983649e-02
9.777778000000000302e-01 9.481481000000000492e-01 2.169876353528274460e-02
9.777778000000000302e-01 9.629630000000000134e-01 3.572159039603412661e-02
9.777778000000000302e-01 9.777778000000000302e-01 4.863071265677625099e-02
9.777778000000000302e-01 9.925926000000000471e-01 5.571532696350654096e-02
9.777778000000000302e-01 1.007406999999999941e+00 5.469406917616435881e-02
9.777778000000000302e-01 1.022221999999999964e+00 4.691114492954467224e-02
9.777778000000000302e-01 1.037036999999999987e+00 3.584683501263841859e-02
9.777778000000000302e-01 1.051852000000000009e+00 2.490965000968349552e-02
9.777778000000000302e-01 1.066667000000000032e+00 1.609092227269456193e-02
9.777778000000000302e-01 1.081480999999999915e+00 9.862653785287618657e-03
9.777778000000000302e-01 1.096295999999999937e+00 5.857689713336366663e-03
9.777778000000000302e-01 1.111110999999999960e+00 3.435818841195678857e-03
9.777778000000000302e-01 1.125925999999999982e+00 2.021329127569651118e-03
9.777778000000000302e-01 1.140741000000000005e+00 1.206538213958281485e-03
9.777778000000000302e-01 1.155556000000000028e+00 7.365746274791194845e-04
9.777778000000000302e-01 1.170369999999999910e+00 4.612824558954109195e-04
9.777778000000000302e-01 1.185184999999999933e+00 2.963409228586907506e-04
9.777778000000000302e-01 1.199999999999999956e+00 1.947098609453476426e-04
9.925926000000000471e-01 8.000000000000000444e-01 3.413304023196230012e-08
9.925926000000000471e-01 8.148147999999999502e-01 2.696880274198536033e-07
9.925926000000000471e-01 8.296295999999999671e-01 2.018814701925115743e-06
9.925926000000000471e-01 8.444445000000000423e-01 1.387391638166948497e-05
9.925926000000000471e-01 8.592592000000000008e-01 8.452189032924699948e-05
9.925926000000000471e-01 8.740740999999999650e-01 4.405441018025835773e-04
9.925926000000000471e-01 8.888888999999999818e-01 1.906473649810423677e-03
9.925926000000000471e-01 9.037036999999999987e-01 6.704341348228192755e-03
9.925926000000000471e-01 9.185185000000000155e-01 1.892067574664442822e-02
9.925926000000000471e-01 9.333333000000000323e-01 4.278789686128955244e-02
9.925926000000000471e-01 9.481481000000000492e-01 7.792565872841550334e-02
9.925926000000000471e-01 9.629630000000000134e-01 1.156716158835562058e-01
9.925926000000000471e-01 9.777778000000000302e-01 1.421318686282533328e-01
9.925926000000000471e-01 9.925926000000000471e-01 1.471945643999165998e-01
9.925926000000000471e-01 1.007406999999999941e+00 1.308112283485420579e-01
9.925926000000000471e-01 1.022221999999999964e+00 1.018758870723769083e-01
9.925926000000000471e-01 1.037036999999999987e+00 7.089892555013681263e-02
9.925926000000000471e-01 1.051852000000000009e+00 4.509427412805541713e-02
9.925926000000000471e-01 1.066667000000000032e+00 2.678267649264109984e-02
9.925926000000000471e-01 1.081480999999999915e+00 1.519938974942819029e-02
9.925926000000000471e-01 1.096295999999999937e+00 8.408602416166956195e-03
9.925926000000000471e-01 1.111110999999999960e+00 4.621666151732393112e-03
9.925926000000000471e-01 1.125925999999999982e+00 2.567044607385272816e-03
9.925926000000000471e-01 1.140741000000000005e+00 1.456818981573302155e-03
9.925926000000000471e-01 1.155556000000000028e+00 8.515094158212738662e-04
9.925926000000000471e-01 1.170369999999999910e+00 5.136337988622945595e-04
9.925926000000000471e-01 1.185184999999999933e+00 3.197407649556196249e-04
9.925926000000000471e-01 1.199999999999999956e+00 2.046928489911829633e-04
1.007406999999999941e+00 8.000000000000000444e-01 2.441458608231031445e-07
1.007406999999999941e+00 8.148147999999999502e-01 1.818497404127958665e-06
1.007406999999999941e+00 8.296295999999999671e-01 1.266713137600103478e-05
1.007406999999999941e+00 8.444445000000000423e-01 8.015887140545158163e-05
1.007406999999999941e+00 8.592592000000000008e-01 4.454168378372656226e-04
1.007406999999999941e+00 8.740740999999999650e-01 2.104873307752090032e-03
1.007406999999999941e+00 8.888888999999999818e-01 8.221521415473819275e-03
1.007406999999999941e+00 9.037036999999999987e-01 2.603014472656259640e-02
1.007406999999999941e+00 9.185185000000000155e-01 6.603964734271944304e-02
1.007406999999999941e+00 9.333333000000000323e-01 1.341898084934757818e-01
1.007406999999999941e+00 9.481481000000000492e-01 2.198081848477896894e-01
1.007406999999999941e+00 9.629630000000000134e-01 2.936108581869611989e-01
1.007406999999999941e+00 9.777778000000000302e-01 3.253024220310722359e-01
1.007406999999999941e+00 9.925926000000000471e-01 3.043734127327485384e-01
1.007406999999999941e+00 1.007406999999999941e+00 2.452444035905082254e-01
1.007406999999999941e+00 1.022221999999999964e+00 1.736870781968253008e-01
1.007406999999999941e+00 1.037036999999999987e+00 1.105264964379423648e-01
1.007406999999999941e+00 1.051852000000000009e+00 6.457034689315321874e-02
1.007406999999999941e+00 1.066667000000000032e+00 3.545468063081596427e-02
1.007406999999999941e+00 1.081480999999999915e+00 1.870433432300869572e-02
1.007406999999999941e+00 1.096295999999999937e+00 9.696405782747802293e-03
1.007406999999999941e+00 1.111110999999999960e+00 5.031686815973550504e-03
1.007406999999999941e+00 1.125925999999999982e+00 2.655824835585508543e-03
1.007406999999999941e+00 1.140741000000000005e+00 1.443044732524842748e-03
1.007406999999999941e+00 1.155556000000000028e+00 8.124144025645957173e-04
1.007406999999999941e+00 1.170369999999999910e+00 4.753305981107344876e-04
1.007406999999999941e+00 1.185184999999999933e+00 2.885910280342387645e-04
1.007406999999999941e+00 1.199999999999999956e+00 1.810929722022142346e-04
1.022221999999999964e+00 8.000000000000000444e-01 1.450648297105407638e-06
1.022221999999999964e+00 8.148147999999999502e-01 1.003933179699159807e-05
1.022221999999999964e+00 8.296295999999999671e-01 6.423257995859039309e-05
1.022221999999999964e+00 8.444445000000000423e-01 3.698178392165759384e-04
1.022221999999999964e+00 8.592592000000000008e-01 1.857544174424211221e-03
1.022221999999999964e+00 8.740740999999999650e-01 7.899150949752192438e-03
1.022221999999999964e+00 8.888888999999999818e-01 2.766741256600305926e-02
1.022221999999999964e+00 9.037036999999999987e-01 7.847305198071501120e-02
1.022221999999999964e+00 9.185185000000000155e-01 1.783513139408715864e-01
1.022221999999999964e+00 9.333333000000000323e-01 3.248148341803848704e-01
1.022221999999999964e+00 9.481481000000000492e-01 4.775912680730364235e-01
1.022221999999999964e+00 9.629630000000000134e-01 5.743593690979196253e-01
1.022221999999999964e+00 9.777778000000000302e-01 5.746466205894155133e-01
1.022221999999999964e+00 9.925926000000000471e-01 4.867522559600690468e-01
1.022221999999999964e+00 1.007406999999999941e+00 3.566501320525903851e-01
1.022221999999999964e+00 1.022221999999999964e+00 2.308470289863696068e-01
1.022221999999999964e+00 1.037036999999999987e+00 1.349298857871040203e-01
1.022221999999999964e+00 1.051852000000000009e+00 7.283927336070632197e-02
1.022221999999999964e+00 1.066667000000000032e+00 3.717941615547830370e-02
1.022221999999999964e+00 1.081480999999999915e+00 1.837985593912443497e-02
1.022221999999999964e+00 1.096295999999999937e+00 8.991280541375408844e-03
1.022221999999999964e+00 1.111110999999999960e+00 4.433792350833457539e-03
1.022221999999999964e+00 1.125925999999999982e+00 2.241746565937779469e-03
1.022221999999999964e+00 1.140741000000000005e+00 1.174397533884937546e-03
1.022221999999999964e+00 1.155556000000000028e+00 6.419500891842379754e-04
1.022221999999999964e+00 1.170369999999999910e+00 3.668710991789934190e-04
1.022221999999999964e+00 1.185184999999999933e+00 2.186583701052622665e-04
1.022221999999999964e+00 1.199999999999999956e+00 1.353698359000883892e-04
1.037036999999999987e+00 8.000000000000000444e-01 6.924117159572499831e-06
1.037036999999999987e+00 8.148147999999999502e-01 4.397013080089312098e-05
1.037036999999999987e+00 8.296295999999999671e-01 2.555736325039399985e-04
1.037036999999999987e+00 8.444445000000000423e-01 1.326780431026991502e-03
1.037036999999999987e+00 8.592592000000000008e-01 5.982001906907801272e-03
1.037036999999999987e+00 8.740740999999999650e-01 2.273158299772281080e-02
1.037036999999999987e+00 8.888888999999999818e-01 7.118308920074709056e-02
1.037036999999999987e+00 9.037036999999999987e-01 1.803240083220167267e-01
1.037036999999999987e+00 9.185185000000000155e-01 3.667774566511392553e-01
1.037036999999999987e+00 9.333333000000000323e-01 5.989962148512143481e-01
1.037036999999999987e+00 9.481481000000000492e-01 7.921535735241757026e-01
1.037036999999999987e+00 9.629630000000000134e-01 8.598476986593430738e-01
1.037036999999999987e+00 9.777778000000000302e-01 7.788007830714048785e-01
1.037036999999999987e+00 9.925926000000000471e-01 6.001954060723792006e-01
1.037036999999999987e+00 1.007406999999999941e+00 4.019208903109382502e-01
1.037036999999999987e+00 1.022221999999999964e+00 2.390697329360874923e-01
1.037036999999999987e+00 1.037036999999999987e+00 1.291216881853722853e-01
1.037036999999999987e+00 1.051852000000000009e+00 6.489400710386099280e-02
1.037036999999999987e+00 1.066667000000000032e+00 3.105485879232498803e-02
1.037036999999999987e+00 1.081480999999999915e+00 1.449429725027756230e-02
1.037036999999999987e+00 1.096295999999999937e+00 6.741316814969463243e-03
1.037036999999999987e+00 1.111110999999999960e+00 3.187558550123338000e-03
1.037036999999999987e+00 1.125925999999999982e+00 1.555435046206504746e-03
1.037036999999999987e+00 1.140741000000000005e+00 7.923558194957542548e-04
1.037036999999999987e+00 1.155556000000000028e+00 4.236936023187929832e-04
1.037036999999999987e+00 1.170369999999999910e+00 2.381761576217311693e-04
1.037036999999999987e+00 1.185184999999999933e+00 1.404021153346297879e-04
1.037036999999999987e+00 1.199999999999999956e+00 8.635878685067726820e-05
1.051852000000000009e+00 8.000000000000000444e-01 2.584224505216603968e-05
1.051852000000000009e+00 8.148147999999999502e-01 1.490840972745784317e-04
1.051852000000000009e+00 8.296295999999999671e-01 7.809495553743211506e-04
1.051852000000000009e+00 8.444445000000000423e-01 3.631897645301402407e-03
1.051852000000000009e+00 8.592592000000000008e-01 1.461802387010144137e-02
1.051852000000000009e+00 8.740740999999999650e-01 4.956352989898421546e-02
1.051852000000000009e+00 8.888888999999999818e-01 1.384148422303218273e-01
1.051852000000000009e+00 9.037036999999999987e-01 3.133294769714201622e-01
1.051852000000000009e+00 9.185185000000000155e-01 5.709235307060978037e-01
1.051852000000000009e+00 9.333333000000000323e-01 8.381987791551569478e-01
1.051852000000000009e+00 9.481481000000000492e-01 1.000000000000000000e+00
1.051852000000000009e+00 9.629630000000000134e-01 9.836353793904970555e-01
1.051852000000000009e+00 9.777778000000000302e-01 8.113952356435472080e-01
1.051852000000000009e+00 9.925926000000000471e-01 5.723526251566374290e-01
1.051852000000000009e+00 1.007406999999999941e+00 3.525721488798779779e-01
1.051852000000000009e+00 1.022221999999999964e+00 1.941741193555180101e-01
1.051852000000000009e+00 1.037036999999999987e+00 9.773456455022581923e-02
1.051852000000000009e+00 1.051852000000000009e+00 4.607429853311011819e-02
1.051852000000000009e+00 1.066667000000000032e+00 2.084794284736394762e-02
1.051852000000000009e+00 1.081480999999999915e+00 9.265105799905963557e-03
1.051852000000000009e+00 1.096295999999999937e+00 4.136108123799548189e-03
1.051852000000000009e+00 1.111110999999999960e+00 1.891282705407332145e-03
1.051852000000000009e+00 1.125925999999999982e+00 8.987550769890916393e-04
1.051852000000000009e+00 1.140741000000000005e+00 4.487700228468642942e-04
1.051852000000000009e+00 1.155556000000000028e+00 2.366330331846998975e-04
1.051852000000000009e+00 1.170369999999999910e+00 1.318296498855861835e-04
1.051852000000000009e+00 1.185184999999999933e+00 7.740184039020908246e-05
1.051852000000000009e+00 1.199999999999999956e+00 4.756087920902185605e-05
1.066667000000000032e+00 8.000000000000000444e-01 7.410704173612280476e-05
1.066667000000000032e+00 8.148147999999999502e-01 3.854881903733658544e-04
1.066667000000000032e+00 8.296295999999999671e-01 1.808061503803770316e-03
1.066667000000000032e+00 8.444445000000000423e-01 7.502642403676762495e-03
1.066667000000000032e+00 8.592592000000000008e-01 2.690347011867758736e-02
1.066667000000000032e+00 8.740740999999999650e-01 8.130888352072587755e-02
1.066667000000000032e+00 8.888888999999999818e-01 2.027057213944953862e-01
1.066667000000000032e+00 9.037036999999999987e-01 4.110666139013831044e-01
1.066667000000000032e+00 9.185185000000000155e-01 6.733432834251584787e-01
1.066667000000000032e+00 9.333333000000000323e-01 8.927041964112467642e-01
1.066667000000000032e+00 9.481481000000000492e-01 9.665715046374047104e-01
1.066667000000000032e+00 9.629630000000000134e-01 8.667540688954636918e-01
1.066667000000000032e+00 9.777778000000000302e-01 6.554062543267570318e-01
1.066667000000000032e+00 9.925926000000000471e-01 4.263477291781683221e-01
1.066667000000000032e+00 1.007406999999999941e+00 2.437773427525823378e-01
1.066667000000000032e+00 1.022221999999999964e+00 1.253055655837126414e-01
1.066667000000000032e+00 1.037036999999999987e+00 5.927900991337541753e-02
1.066667000000000032e+00 1.051852000000000009e+00 2.647643994807959492e-02
1.066667000000000032e+00 1.066667000000000032e+00 1.142444409817857005e-02
1.066667000000000032e+00 1.081480999999999915e+00 4.882977996775469606e-03
1.066667000000000032e+00 1.096295999999999937e+00 2.111197409084599515e-03
1.066667000000000032e+00 1.111110999999999960e+00 9.415340922072208641e-04
1.066667000000000032e+00 1.125925999999999982e+00 4.394441171018376559e-04
1.066667000000000032e+00 1.140741000000000005e+00 2.169160815906164192e-04
1.066667000000000032e+00 1.155556000000000028e+00 1.136371591466840138e-04
1.066667000000000032e+00 1.170369999999999910e+00 6.321303677490829292e-05
1.066667000000000032e+00 1.185184999999999933e+00 3.720750759416420174e-05
1.066667000000000032e+00 1.199999999999999956e+00 2.300037586988285955e-05
1.081480999999999915e+00 8.000000000000000444e-01 1.615816452018121671e-04
1.081480999999999915e+00 8.148147999999999502e-01 7.533354082920983149e-04
1.081480999999999915e+00 8.296295999999999671e-01 3.152687548197901941e-03
1.081480999999999915e+00 8.444445000000000423e-01 1.166689424076233945e-02
1.081480999999999915e+00 8.592592000000000008e-01 3.727248097842646157e-02
1.081480999999999915e+00 8.740740999999999650e-01 1.005600718702697044e-01
1.081480999999999915e+00 8.888888999999999818e-01 2.246975507363674629e-01
1.081480999999999915e+00 9.037036999999999987e-01 4.096303956009738068e-01
1.081480999999999915e+00 9.185185000000000155e-01 6.065306597126334243e-01
1.081480999999999915e+00 9.333333000000000323e-01 7.308843790034552645e-01
1.081480999999999915e+00 9.481481000000000492e-01 7.232502423797924074e-01
1.081480999999999915e+00 9.629630000000000134e-01 5.960087087660743688e-01
1.081480999999999915e+00 9.777778000000000302e-01 4.168620196785083887e-01
1.081480999999999915e+00 9.925926000000000471e-01 2.520822136585485485e-01
1.081480999999999915e+00 1.007406999999999941e+00 1.349298857871040203e-01
1.081480999999999915e+00 1.022221999999999964e+00 6.541524131765150130e-02
1.081480999999999915e+00 1.037036999999999987e+00 2.937826981092877057e-02
1.081480999999999915e+00 1.051852000000000009e+00 1.254416075708506516e-02
1.081480999999999915e+00 1.066667000000000032e+00 5.216127555490585044e-03
1.081480999999999915e+00 1.081480999999999915e+00 2.162479065280876762e-03
1.081480999999999915e+00 1.096295999999999937e+00 9.141645224757722525e-04
1.081480999999999915e+00 1.111110999999999960e+00 4.014209221563767470e-04
1.081480999999999915e+00 1.125925999999999982e+00 1.856773626196572065e-04
1.081480999999999915e+00 1.140741000000000005e+00 9.128719793180665499e-05
1.081480999999999915e+00 1.155556000000000028e+00 4.789497332869025511e-05
1.081480999999999915e+00 1.170369999999999910e+00 2.678951441978063129e-05
1.081480999999999915e+00 1.185184999999999933e+00 1.591099783671955786e-05
1.081480999999999915e+00 1.199999999999999956e+00 9.944409738588337640e-06
1.096295999999999937e+00 8.000000000000000444e-01 2.669364347513069019e-04
1.096295999999999937e+00 8.148147999999999502e-01 1.112661929399026304e-03
1.096295999999999937e+00 8.296295999999999671e-01 4.154762551339305152e-03
1.096295999999999937e+00 8.444445000000000423e-01 1.370492529736544451e-02
1.096295999999999937e+00 8.592592000000000008e-01 3.912475077931051870e-02
1.096295999999999937e+00 8.740740999999999650e-01 9.470390918210824793e-02
1.096295999999999937e+00 8.888888999999999818e-01 1.904244025850180266e-01
1.096295999999999937e+00 9.037036999999999987e-01 3.144280515247654950e-01
1.096295999999999937e+00 9.185185000000000155e-01 4.240092533709732270e-01
1.096295999999999937e+00 9.333333000000000323e-01 4.679003186914073575e-01
1.096295999999999937e+00 9.481481000000000492e-01 4.265609563451503439e-01
1.096295999999999937e+00 9.629630000000000134e-01 3.261166955039080384e-01
1.096295999999999937e+00 9.777778000000000302e-01 2.127792575892757665e-01
1.096295999999999937e+00 9.925926000000000471e-01 1.208747975597892210e-01
1.096295999999999937e+00 1.007406999999999941e+00 6.117601977455448120e-02
1.096295999999999937e+00 1.022221999999999964e+00 2.824044806947878516e-02
1.096295999999999937e+00 1.037036999999999987e+00 1.216125743872792896e-02
1.096295999999999937e+00 1.051852000000000009e+00 5.014106695273939061e-03
1.096295999999999937e+00 1.066667000000000032e+00 2.027402220036558615e-03
1.096295999999999937e+00 1.081480999999999915e+00 8.242802307575239178e-04
1.096295999999999937e+00 1.096295999999999937e+00 3.437829702941204370e-04
1.096295999999999937e+00 1.111110999999999960e+00 1.498313844219885816e-04
1.096295999999999937e+00 1.125925999999999982e+00 6.923527990781330093e-05
1.096295999999999937e+00 1.140741000000000005e+00 3.415846929202920822e-05
1.096295999999999937e+00 1.155556000000000028e+00 1.808369236722464851e-05
1.096295999999999937e+00 1.170369999999999910e+00 1.023701996244080249e-05
1.096295999999999937e+00 1.185184999999999933e+00 6.168838422043621305e-06
1.096295999999999937e+00 1.199999999999999956e+00 3.921642448304585950e-06
1.111110999999999960e+00 8.000000000000000444e-01 3.357982583177211082e-04
1.111110999999999960e+00 8.148147999999999502e-01 1.250764893514073623e-03
1.111110999999999960e+00 8.296295999999999671e-01 4.171414884006499103e-03
1.111110999999999960e+00 8.444445000000000423e-01 1.230807165150509322e-02
1.111110999999999960e+00 8.592592000000000008e-01 3.155573284011950475e-02
1.111110999999999960e+00 8.740740999999999650e-01 6.883795600820526162e-02
1.111110999999999960e+00 8.888888999999999818e-01 1.255564274932200464e-01
1.111110999999999960e+00 9.037036999999999987e-01 1.892852769637733967e-01
1.111110999999999960e+00 9.185185000000000155e-01 2.343358350517575073e-01
1.111110999999999960e+00 9.333333000000000323e-01 2.390697329360874923e-01
1.111110999999999960e+00 9.481481000000000492e-01 2.028070995976520297e-01
1.111110999999999960e+00 9.629630000000000134e-01 1.451481984836474892e-01
1.111110999999999960e+00 9.777778000000000302e-01 8.932266642134224777e-02
1.111110999999999960e+00 9.925926000000000471e-01 4.817090841480847069e-02
1.111110999999999960e+00 1.007406999999999941e+00 2.328374037489192028e-02
1.111110999999999960e+00 1.022221999999999964e+00 1.033209715998452405e-02
1.111110999999999960e+00 1.037036999999999987e+00 4.311368102763700645e-03
1.111110999999999960e+00 1.051852000000000009e+00 1.733695537414022946e-03
1.111110999999999960e+00 1.066667000000000032e+00 6.888410570448913126e-04
1.111110999999999960e+00 1.081480999999999915e+00 2.768596109302105140e-04
1.111110999999999960e+00 1.096295999999999937e+00 1.148940682234081526e-04
1.111110999999999960e+00 1.111110999999999960e+00 5.017468205617073578e-05
1.111110999999999960e+00 1.125925999999999982e+00 2.332464572464656958e-05
1.111110999999999960e+00 1.140741000000000005e+00 1.164073468948023649e-05
1.111110999999999960e+00 1.155556000000000028e+00 6.255809537235771270e-06
1.111110999999999960e+00 1.170369999999999910e+00 3.605680642201248600e-06
1.111110999999999960e+00 1.185184999999999933e+00 2.216679948894969497e-06
1.111110999999999960e+00 1.199999999999999956e+00 1.440529217125054476e-06
1.125925999999999982e+00 8.000000000000000444e-01 3.248977631651177333e-04
1.125925999999999982e+00 8.148147999999999502e-01 1.083563643395577111e-03
1.125925999999999982e+00 8.296295999999999671e-01 3.240589568970655629e-03
1.125925999999999982e+00 8.444445000000000423e-01 8.595641556009217185e-03
1.125925999999999982e+00 8.592592000000000008e-01 1.990070740288334139e-02
1.125925999999999982e+00 8.740740999999999650e-01 3.947846285310368381e-02
1.125925999999999982e+00 8.888888999999999818e-01 6.584182528216830921e-02
1.125925999999999982e+00 9.037036999999999987e-01 9.135520674742261815e-02
1.125925999999999982e+00 9.185185000000000155e-01 1.048735437362754430e-01
1.125925999999999982e+00 9.333333000000000323e-01 9.990855113938662546e-02
1.125925999999999982e+00 9.481481000000000492e-01 7.969885975507044751e-02
1.125925999999999982e+00 9.629630000000000134e-01 5.401464853704185387e-02
1.125925999999999982e+00 9.777778000000000302e-01 3.165054218154995935e-02
1.125925999999999982e+00 9.925926000000000471e-01 1.636680632156744739e-02
1.125925999999999982e+00 1.007406999999999941e+00 7.638912720516031693e-03
1.125925999999999982e+00 1.022221999999999964e+00 3.294502858342886285e-03
1.125925999999999982e+00 1.037036999999999987e+00 1.344813415616744187e-03
1.125925999999999982e+00 1.051852000000000009e+00 5.324614805459718537e-04
1.125925999999999982e+00 1.066667000000000032e+00 2.096649033631874809e-04
1.125925999999999982e+00 1.081480999999999915e+00 8.410033564254687543e-05
1.125925999999999982e+00 1.096295999999999937e+00 3.504071103525235409e-05
1.125925999999999982e+00 1.111110999999999960e+00 1.543303833632029325e-05
1.125925999999999982e+00 1.125925999999999982e+00 7.275485585400415940e-06
1.125925999999999982e+00 1.140741000000000005e+00 3.696958882231509410e-06
1.125925999999999982e+00 1.155556000000000028e+00 2.026906132805814452e-06
1.125925999999999982e+00 1.170369999999999910e+00 1.195435504571995697e-06
1.125925999999999982e+00 1.185184999999999933e+00 7.535277435366711982e-07
1.125925999999999982e+00 1.199999999999999956e+00 5.023343013246315810e-07
1.140741000000000005e+00 8.000000000000000444e-01 2.457981222997244726e-04
1.140741000000000005e+00 8.148147999999999502e-01 7.365746274791194845e-04
1.140741000000000005e+00 8.296295999999999671e-01 1.984278315436502783e-03
1.140741000000000005e+00 8.444445000000000423e-01 4.767181639314731038e-03
1.140741000000000005e+00 8.592592000000000008e-01 1.005686291919674451e-02
1.140741000000000005e+00 8.740740999999999650e-01 1.826990698021569576e-02
1.140741000000000005e+00 8.888888999999999818e-01 2.815585368029549507e-02
1.140741000000000005e+00 9.037036999999999987e-01 3.633404857733801147e-02
1.140741000000000005e+00 9.185185000000000155e-01 3.908564558437947756e-02
1.140741000000000005e+00 9.333333000000000323e-01 3.513702012163496397e-02
1.140741000000000005e+00 9.481481000000000492e-01 2.663577611826664290e-02
1.140741000000000005e+00 9.629630000000000134e-01 1.726627676184333895e-02
1.140741000000000005e+00 9.777778000000000302e-01 9.740137932308772992e-03
1.140741000000000005e+00 9.925926000000000471e-01 4.882977996775469606e-03
1.140741000000000005e+00 1.007406999999999941e+00 2.222772474256853436e-03
1.140741000000000005e+00 1.022221999999999964e+00 9.405930287249850488e-04
1.140741000000000005e+00 1.037036999999999987e+00 3.791798223884618505e-04
1.140741000000000005e+00 1.051852000000000009e+00 1.492332559387856263e-04
1.140741000000000005e+00 1.066667000000000032e+00 5.879228024670588937e-05
1.140741000000000005e+00 1.081480999999999915e+00 2.370084159774981999e-05
1.140741000000000005e+00 1.096295999999999937e+00 9.989260420761446419e-06
1.140741000000000005e+00 1.111110999999999960e+00 4.470546040892065402e-06
1.140741000000000005e+00 1.125925999999999982e+00 2.150091840984237471e-06
1.140741000000000005e+00 1.140741000000000005e+00 1.117965547383330469e-06
1.140741000000000005e+00 1.155556000000000028e+00 6.290846566711479000e-07
1.140741000000000005e+00 1.170369999999999910e+00 3.815591318258468080e-07
1.140741000000000005e+00 1.185184999999999933e+00 2.474641781896527238e-07
1.140741000000000005e+00 1.199999999999999956e+00 1.698245485835378075e-07
1.155556000000000028e+00 8.000000000000000444e-01 1.483405372374325796e-04
1.155556000000000028e+00 8.148147999999999502e-01 4.016216828032924315e-04
1.155556000000000028e+00 8.296295999999999671e-01 9.819207063184404258e-04
1.155556000000000028e+00 8.444445000000000423e-01 2.153846425809084232e-03
1.155556000000000028e+00 8.592592000000000008e-01 4.173501112962703027e-03
1.155556000000000028e+00 8.740740999999999650e-01 7.023455117823062567e-03
1.155556000000000028e+00 8.888888999999999818e-01 1.009717093315649385e-02
1.155556000000000028e+00 9.037036999999999987e-01 1.225280976157997088e-02
1.155556000000000028e+00 9.185185000000000155e-01 1.248159649429740441e-02
1.155556000000000028e+00 9.333333000000000323e-01 1.070547485158142298e-02
1.155556000000000028e+00 9.481481000000000492e-01 7.793228993817744379e-03
1.155556000000000028e+00 9.629630000000000134e-01 4.885420096248345792e-03
1.155556000000000028e+00 9.777778000000000302e-01 2.682516318930011547e-03
1.155556000000000028e+00 9.925926000000000471e-01 1.315550591793030778e-03
1.155556000000000028e+00 1.007406999999999941e+00 5.899339361269825225e-04
1.155556000000000028e+00 1.022221999999999964e+00 2.472773442618229987e-04
1.155556000000000028e+00 1.037036999999999987e+00 9.938593035943628514e-05
1.155556000000000028e+00 1.051852000000000009e+00 3.921308758205555934e-05
1.155556000000000028e+00 1.066667000000000032e+00 1.556477826369285269e-05
1.155556000000000028e+00 1.081480999999999915e+00 6.359886669702035844e-06
1.155556000000000028e+00 1.096295999999999937e+00 2.727841284075312451e-06
1.155556000000000028e+00 1.111110999999999960e+00 1.247960424072719011e-06
1.155556000000000028e+00 1.125925999999999982e+00 6.157036973077136809e-07
1.155556000000000028e+00 1.140741000000000005e+00 3.292330428510252924e-07
1.155556000000000028e+00 1.155556000000000028e+00 1.909030747011286925e-07
1.155556000000000028e+00 1.170369999999999910e+00 1.194342292423697092e-07
1.155556000000000028e+00 1.185184999999999933e+00 7.997913890218434971e-08
1.155556000000000028e+00 1.199999999999999956e+00 5.664285402336660111e-08
1.170369999999999910e+00 8.000000000000000444e-01 7.318646927888174548e-05
1.170369999999999910e+00 8.148147999999999502e-01 1.802798846463883565e-04
1.170369999999999910e+00 8.296295999999999671e-01 4.034330529019461409e-04
1.170369999999999910e+00 8.444445000000000423e-01 8.144479794830451714e-04
1.170369999999999910e+00 8.592592000000000008e-01 1.465586170728448582e-03
1.170369999999999910e+00 8.740740999999999650e-01 2.306555483447054154e-03
1.170369999999999910e+00 8.888888999999999818e-01 3.127566665322314195e-03
1.170369999999999910e+00 9.037036999999999987e-01 3.606563136015730493e-03
1.170369999999999910e+00 9.185185000000000155e-01 3.521036051032225712e-03
1.170369999999999910e+00 9.333333000000000323e-01 2.911752923344806954e-03
1.170369999999999910e+00 9.481481000000000492e-01 2.058042480789761246e-03
1.170369999999999910e+00 9.629630000000000134e-01 1.260180896087815562e-03
1.170369999999999910e+00 9.777778000000000302e-01 6.796041918989686060e-04
1.170369999999999910e+00 9.925926000000000471e-01 3.296431012905077888e-04
1.170369999999999910e+00 1.007406999999999941e+00 1.468645242301503328e-04
1.170369999999999910e+00 1.022221999999999964e+00 6.155989220815175826e-05
1.170369999999999910e+00 1.037036999999999987e+00 2.484137371231285015e-05
1.170369999999999910e+00 1.051852000000000009e+00 9.899760431052254941e-06
1.170369999999999910e+00 1.066667000000000032e+00 3.990875210954032533e-06
1.170369999999999910e+00 1.081480999999999915e+00 1.662812686493542859e-06
1.170369999999999910e+00 1.096295999999999937e+00 7.301615689239901704e-07
1.170369999999999910e+00 1.111110999999999960e+00 3.431836878625412343e-07
1.170369999999999910e+00 1.125925999999999982e+00 1.744722733335783166e-07
1.170369999999999910e+00 1.140741000000000005e+00 9.632865525963965380e-08
1.170369999999999910e+00 1.155556000000000028e+00 5.775822924196849768e-08
1.170369999999999910e+00 1.170369999999999910e+00 3.740355812570562523e-08
1.170369999999999910e+00 1.185184999999999933e+00 2.590059229421082315e-08
1.170369999999999910e+00 1.199999999999999956e+00 1.897772336719974838e-08
1.185184999999999933e+00 8.000000000000000444e-01 3.029584450207946987e-05
1.185184999999999933e+00 8.148147999999999502e-01 6.844363487239113106e-05
1.185184999999999933e+00 8.296295999999999671e-01 1.413883780341933000e-04
1.185184999999999933e+00 8.444445000000000423e-01 2.657379194767856109e-04
1.185184999999999933e+00 8.592592000000000008e-01 4.483214771341612341e-04
1.185184999999999933e+00 8.740740999999999650e-01 6.674807547105002844e-04
1.185184999999999933e+00 8.888888999999999818e-01 8.630827370841212109e-04
1.185184999999999933e+00 9.037036999999999987e-01 9.562415590498758722e-04
1.185184999999999933e+00 9.185185000000000155e-01 9.032601055600906386e-04
1.185184999999999933e+00 9.333333000000000323e-01 7.281525390895270643e-04
1.185184999999999933e+00 9.481481000000000492e-01 5.047234007652149582e-04
1.185184999999999933e+00 9.629630000000000134e-01 3.049081421492161196e-04
1.185184999999999933e+00 9.777778000000000302e-01 1.632055677338607714e-04
1.185184999999999933e+00 9.925926000000000471e-01 7.892598842501334015e-05
1.185184999999999933e+00 1.007406999999999941e+00 3.525158729761757314e-05
1.185184999999999933e+00 1.022221999999999964e+00 1.487245074064179426e-05
1.185184999999999933e+00 1.037036999999999987e+00 6.076996383038061971e-06
1.185184999999999933e+00 1.051852000000000009e+00 2.463321291781603076e-06
1.185184999999999933e+00 1.066667000000000032e+00 1.013602237969793100e-06
1.185184999999999933e+00 1.081480999999999915e+00 4.330121713437159360e-07
1.185184999999999933e+00 1.096295999999999937e+00 1.956379656040456380e-07
1.185184999999999933e+00 1.111110999999999960e+00 9.489450842214731672e-08
1.185184999999999933e+00 1.125925999999999982e+00 4.988726885036398509e-08
1.185184999999999933e+00 1.140741000000000005e+00 2.853883630231052464e-08
1.185184999999999933e+00 1.155556000000000028e+00 1.774787582530188788e-08
1.185184999999999933e+00 1.170369999999999910e+00 1.190865964755452406e-08
1.185184999999999933e+00 1.185184999999999933e+00 8.548585553692255055e-09
1.185184999999999933e+00 1.199999999999999956e+00 6.480293722910055921e-09
1.199999999999999956e+00 8.000000000000000444e-01 1.083206327850136135e-05
1.199999999999999956e+00 8.148147999999999502e-01 2.264661874410909653e-05
1.199999999999999956e+00 8.296295999999999671e-01 4.359796861908580759e-05
1.199999999999999956e+00 8.444445000000000423e-01 7.701579710072982952e-05
1.199999999999999956e+00 8.592592000000000008e-01 1.231632311336560239e-04
1.199999999999999956e+00 8.740740999999999650e-01 1.753897355461028372e-04
1.199999999999999956e+00 8.888888999999999818e-01 2.184398210278636022e-04
1.199999999999999956e+00 9.037036999999999987e-01 2.352174858741960686e-04
1.199999999999999956e+00 9.185185000000000155e-01 2.173503478753166583e-04
1.199999999999999956e+00 9.333333000000000323e-01 1.724333108519680478e-04
1.199999999999999956e+00 9.481481000000000492e-01 1.183931135251993082e-04
1.199999999999999956e+00 9.629630000000000134e-01 7.120126306688983025e-05
1.199999999999999956e+00 9.777778000000000302e-01 3.813035019113982849e-05
1.199999999999999956e+00 9.925926000000000471e-01 1.853221479471708907e-05
1.199999999999999956e+00 1.007406999999999941e+00 8.356256652380255777e-06
1.199999999999999956e+00 1.022221999999999964e+00 3.576950271772877266e-06
1.199999999999999956e+00 1.037036999999999987e+00 1.488859749152309489e-06
1.199999999999999956e+00 1.051852000000000009e+00 6.169363369310434360e-07
1.199999999999999956e+00 1.066667000000000032e+00 2.606727624460201053e-07
1.199999999999999956e+00 1.081480999999999915e+00 1.146364523397226211e-07
1.199999999999999956e+00 1.096295999999999937e+00 5.353126292362726025e-08
1.199999999999999956e+00 1.111110999999999960e+00 2.687686385927194045e-08
1.199999999999999956e+00 1.125925999999999982e+00 1.465476937290607009e-08
1.199999999999999956e+00 1.140741000000000005e+00 8.699502472414188695e-09
1.199999999999999956e+00 1.155556000000000028e+00 5.616820951970024038e-09
1.199999999999999956e+00 1.170369999999999910e+00 3.912849327820295024e-09
1.199999999999999956e+00 1.185184999999999933e+00 2.913239921556748761e-09
1.199999999999999956e+00 1.199999999999999956e+00 2.288200811536865294e-09
